tree
version=v3
num_class=1
num_tree_per_iteration=1
label_index=0
max_feature_idx=12
objective=regression
feature_names=pickup_longitude pickup_latitude dropoff_longitude dropoff_latitude year month weekday hour distance jfk_dist ewr_dist lga_dist invalid
feature_infos=[-1805.9235169999999:148.498615] [-74.014790000000005:440.64999999999998] [-736.5:148.498615] [-3084.2991229999998:404.86666700000001] [2009:2015] [1:12] [1:7] [0:23] [0:10751.341696679741] [0.17603477203710785:16432.991732247832] [0.67945233249917647:16416.426435738336] [0.24535805008982858:16439.664788839411] [0:2]
tree_sizes=3212 3259 3271 3094

Tree=0
num_leaves=31
num_cat=0
split_feature=8 8 8 12 3 8 8 2 8 3 11 3 4 8 4 1 4 2 4 4 8 8 1 9 8 8 11 2 4 4
split_gain=1.56114e+09 2.68552e+08 1.52907e+08 8.58866e+07 4.246e+07 3.92221e+07 3.38412e+07 2.88658e+07 1.64847e+07 1.6378e+07 1.49684e+07 1.49066e+07 1.15742e+07 1.10979e+07 1.10494e+07 8.15484e+06 7.31566e+06 7.26712e+06 6.95867e+06 6.3482e+06 6.2941e+06 7.71914e+06 5.8851e+06 5.52351e+06 4.48104e+06 8.67981e+06 3.83707e+06 3.83135e+06 3.54871e+06 3.40067e+06
threshold=7.8073433673666646 2.6970777405669843 16.407683432190531 1.0000000180025095e-35 40.703902000000006 4.3118706558455209 1.3787192776548489 -74.028551499999978 10.980476353056241 40.647641500000006 14.211416756793087 40.697943500000001 2012.5000000000002 0.027585212485823515 2012.5000000000002 40.722323500000009 2012.5000000000002 -74.028551499999978 2012.5000000000002 2012.5000000000002 0.027585212485823515 0.78474902014913051 40.738868356689458 8.4758278859553737 0.027585212485823515 1.0000000180025095e-35 14.211416756793087 -74.028551499999978 2012.5000000000002 2012.5000000000002
decision_type=10 8 10 2 10 10 8 10 10 10 2 8 2 10 2 2 2 10 2 2 10 10 2 2 10 10 2 10 2 2
left_child=1 4 8 7 13 11 10 28 29 -7 20 22 23 27 -10 -15 -13 -11 -19 -8 -6 -22 -3 -9 25 -12 -5 -1 -4 -2
right_child=2 5 3 26 6 9 19 12 14 17 24 16 -14 15 -16 -17 -18 18 -20 -21 21 -23 -24 -25 -26 -27 -28 -29 -30 -31
leaf_value=33.743350676465298 19.629843283169869 14.655952138543659 46.828428746415192 13.167660232477747 10.929333378651899 25.902753106249811 9.6419208003875809 34.454763503319391 23.606513852333499 33.313916274577529 18.968967769517974 11.779057241091962 38.9254352272307 10.418567779895151 28.149411523410997 15.175766440010257 13.502310957189247 14.691690817328272 17.05650203248544 10.737037933234429 7.8982687209153983 8.8395467244245634 20.589081188631063 27.020215571982888 11.896173699232502 46.191627246281342 26.904146164383011 17.263466700407911 57.443210236501706 22.929460250372223
leaf_weight=6130 332599 161562 30545 72041 422982 68181 6002921 342606 569246 9826 17673 2808881 296296 371215 375363 258094 1653565 1371758 852414 3564366 7100322 7643474 125503 48156 13638 6873 9755 215339 23579 218768
leaf_count=6130 332599 161562 30545 72041 422982 68181 6002921 342606 569246 9826 17673 2808881 296296 371215 375363 258094 1653565 1371758 852414 3564366 7100322 7643474 125503 48156 13638 6873 9755 215339 23579 218768
internal_value=0 -1.77937 25.0718 36.0198 -3.28334 3.68547 -3.5219 39.4135 19.049 7.07292 -4.44904 2.0435 37.6619 3.66289 21.5851 1.52031 1.59417 6.60696 6.48708 -2.04844 -4.49882 -4.60793 9.02843 34.0879 15.3252 23.4001 5.26842 9.75109 61.6482 14.7041
internal_weight=0 3.26747e+07 2.31895e+06 822978 2.5623e+07 7.05169e+06 2.47722e+07 741182 1.49598e+06 2.30218e+06 1.5205e+07 4.74951e+06 687058 850778 944609 629309 4.46245e+06 2.234e+06 2.22417e+06 9.56729e+06 1.51668e+07 1.47438e+07 287065 390762 38184 24546 81796 221469 54124 551367
internal_count=34993671 32674717 2318954 822978 25623027 7051690 24772249 741182 1495976 2302179 15204962 4749511 687058 850778 944609 629309 4462446 2233998 2224172 9567287 15166778 14743796 287065 390762 38184 24546 81796 221469 54124 551367
shrinkage=1


Tree=1
num_leaves=31
num_cat=0
split_feature=8 8 9 2 3 1 1 10 11 3 3 3 1 2 2 4 9 8 9 3 3 3 4 1 3 4 3 9 4 9
split_gain=2.02852e+08 3.21232e+07 3.03337e+07 1.47075e+07 9.58063e+06 1.12072e+07 8.89284e+06 7.85843e+06 7.58924e+06 6.28636e+06 5.69396e+06 5.22541e+06 3.85274e+06 3.821e+06 3.6976e+06 3.30328e+06 3.26553e+06 3.23138e+06 3.20586e+06 3.10695e+06 3.01511e+06 2.58153e+06 1.84103e+06 1.82697e+06 2.37458e+06 1.7914e+06 1.78296e+06 1.67209e+06 1.6392e+06 1.68389e+06
threshold=5.9285548755975199 2.0302268041106641 8.4758278859553737 -74.028551499999978 40.723498649047862 40.722721549926767 40.747912500000005 26.678156944038935 1.3950548730674501 40.857022500000006 40.816525067504891 40.810753500000011 40.693795000000009 -74.016188499999998 -74.028551499999978 2012.5000000000002 18.622149278290479 19.290811040793937 21.794516846305068 40.857022500000006 40.671787500000008 40.775087500000005 2011.5000000000002 40.791064500000012 40.756093500000006 2011.5000000000002 40.747316500000004 20.214632499932993 2011.5000000000002 1.2434486689457154
decision_type=10 8 2 8 10 2 2 2 2 10 10 10 2 10 10 2 2 8 2 10 8 10 2 2 10 2 10 2 2 2
left_child=1 7 9 -4 6 12 20 14 19 17 -10 13 -6 -7 -1 27 -8 21 -13 22 -3 -2 -5 -15 -25 -19 -14 -16 29 -9
right_child=2 4 3 8 5 11 16 28 10 -11 -12 18 26 23 15 -17 -18 25 -20 -21 -22 -23 -24 24 -26 -27 -28 -29 -30 -31
leaf_value=6.005016018845323 5.1886836269130576 3.1101327165091663 13.108537057394377 3.9025898535297587 6.5455065357830602 12.380695563861654 5.5476681579653366 6.4047151332126058 1.9216097347448853 28.023309500287514 5.7562515313218263 5.3628200059564248 0.44023057227796114 -0.32576692037978533 -0.65711124221099959 -0.65393143318315228 2.582672698051415 7.9290716287776242 0.82845287387432764 23.346254153964814 0.044797411502905692 12.261301922266783 5.6807715194727333 3.5651178743506509 0.0019530871926203297 10.358322154052871 2.4058221319020858 -1.2833953169996932 3.9430596513729497 0.11595940616041184
leaf_weight=32015 152609 158545 71762 438361 79012 10135 201310 20638 1001852 7109 195534 110740 278226 6680593 2145169 7951433 712037 212496 162615 3873 935686 25439 560594 118288 238043 323523 651621 11230362 143890 140161
leaf_count=32015 152609 158545 71762 438361 79012 10135 201310 20638 1001852 7109 195534 110740 278226 6680593 2145169 7951433 712037 212496 162615 3873 935686 25439 560594 118288 238043 323523 651621 11230362 143890 140161
internal_value=0 -0.736344 7.87243 6.07887 0.714107 0.241461 2.67507 -1.42843 5.61937 13.5228 3.91971 -0.189158 3.36609 -0.355557 -1.50036 -1.51648 4.97875 13.2282 4.1006 7.64878 0.752214 9.53723 7.53919 -0.383502 1.82275 14.4543 2.79644 -1.81993 3.61428 1.42015
internal_weight=0 3.20005e+07 2.99315e+06 2.27198e+06 1.03369e+07 8.32927e+06 2.00758e+06 2.16637e+07 2.20021e+06 721176 1.19739e+06 7.32041e+06 1.00886e+06 7.04706e+06 2.1359e+07 2.1327e+07 913347 714067 273355 1.00283e+06 1.09423e+06 178048 998955 7.03692e+06 356331 536019 929847 1.33755e+07 304689 160799
internal_count=34993671 32000519 2993152 2271976 10336851 8329273 2007578 21663668 2200214 721176 1197386 7320414 1008859 7047059 21358979 21326964 913347 714067 273355 1002828 1094231 178048 998955 7036924 356331 536019 929847 13375531 304689 160799
shrinkage=0.65


Tree=2
num_leaves=31
num_cat=0
split_feature=8 8 9 3 1 3 10 3 1 10 12 3 11 1 10 8 3 4 7 7 1 8 4 9 11 9 11 10 2 4
split_gain=2.5979e+07 6.1605e+06 4.39494e+06 3.82925e+06 3.46999e+06 4.36366e+06 3.33792e+06 3.61363e+06 3.92427e+06 2.8724e+06 2.57316e+06 2.42817e+06 2.38521e+06 2.28698e+06 2.26119e+06 3.28549e+06 2.09608e+06 2.06363e+06 1.96702e+06 1.86998e+06 1.75722e+06 1.69792e+06 1.59516e+06 1.5834e+06 1.56247e+06 1.78759e+06 1.36192e+06 1.74159e+06 1.1761e+06 1.63505e+06
threshold=5.3282888385020222 13.225977802877919 19.954010266092638 40.782002500000011 40.741051500000005 40.744091516967778 17.978613443396164 40.782002500000011 40.774087500000007 14.067753765120896 1.0000000180025095e-35 40.671787500000008 6.4871494814211195 40.734804000000004 24.044248424942648 21.014515724559448 40.760112500000005 2010.5000000000002 6.5000000000000009 7.5000000000000009 40.753875866210947 0.11046849862681689 2012.5000000000002 1.2434486689457154 7.9563220062601188 21.379367918464784 12.111119057010514 15.820152405053104 -74.028551499999978 2012.5000000000002
decision_type=8 10 2 10 2 10 2 8 2 2 2 8 2 2 2 10 10 2 2 2 2 10 2 2 2 2 2 2 10 2
left_child=2 11 3 4 5 23 7 8 9 28 14 13 -6 -2 26 -16 24 -17 -13 -11 -9 -8 -14 -1 -10 -26 -3 -28 29 -4
right_child=1 10 6 -5 12 -7 21 20 16 19 -12 18 22 -15 15 17 -18 -19 -20 -21 -22 -23 -24 -25 25 -27 27 -29 -30 -31
leaf_value=2.8616350345496437 0.26742204158631278 3.2679123604108549 1.6718737537701123 5.0410667828365829 -0.11036540256107795 1.8375749465545073 0.71271031384467942 2.0491610607599045 0.49428545362047938 -0.87865346011888423 -0.63236804175682282 -0.13894651043005418 1.1262493673563041 6.6124835684117 5.8206273618213071 8.7401416909614618 -0.29621179842769335 38.604946423706572 1.2852540301573512 -0.28658910917720248 0.22879720861591279 -0.76690881592124516 2.8980020679667291 -0.50625971935023706 3.3120818509538745 0.90103420062328565 2.7478277385697996 -2.2726033488967743 0.33839346426982342 12.024378723064144
leaf_weight=60589 39100 985139 27759 75203 388587 431394 346333 441243 467875 2695302 82271 560246 551869 62148 16594 1647 483029 2405 1525023 13760975 455158 6082704 351404 2219931 265347 254565 85131 44430 2221875 8395
leaf_count=60589 39100 985139 27759 75203 388587 431394 346333 441243 467875 2695302 82271 560246 551869 62148 16594 1647 483029 2405 1525023 13760975 455158 6082704 351404 2219931 265347 254565 85131 44430 2221875 8395
internal_value=0 2.62473 -0.282845 0.685832 0.553042 -0.0894964 -0.42647 -0.234112 -0.32136 -0.444971 4.42744 1.62085 1.90188 6.4033 4.81877 15.1884 1.25143 40.7168 1.38864 -0.590093 1.73054 -1.05723 2.79311 -0.641202 2.08623 3.27932 4.6267 1.57875 0.612667 6.27036
internal_weight=0 3.40413e+06 3.15895e+07 4.07898e+06 4.00377e+06 2.71191e+06 2.75106e+07 2.10815e+07 2.01851e+07 1.87143e+07 1.21762e+06 2.18652e+06 1.29186e+06 101248 1.13535e+06 20646 1.47082e+06 4052 2.08527e+06 1.64563e+07 896401 6.42904e+06 903273 2.28052e+06 987787 519912 1.1147e+06 129561 2.25803e+06 36154
internal_count=34993671 3404134 31589537 4078977 4003774 2711914 27510560 21081523 20185122 18714306 1217617 2186517 1291860 101248 1135346 20646 1470816 4052 2085269 16456277 896401 6429037 903273 2280520 987787 519912 1114700 129561 2258029 36154
shrinkage=0.65


Tree=3
num_leaves=31
num_cat=0
split_feature=4 8 2 3 2 3 8 7 7 3 8 8 9 2 10 5 4 5 3 12 8 9 3 1 8 3 9 3 9 11
split_gain=4.50701e+06 5.37872e+06 2.68829e+06 2.08212e+06 2.96141e+06 1.87576e+06 1.85573e+06 1.3675e+06 2.01557e+06 1.22915e+06 1.53173e+06 1.28305e+06 1.30199e+06 1.1139e+06 899920 858532 940629 771936 731814 721909 789592 676683 763422 664830 1.10967e+06 630341 1.04878e+06 606749 606170 591015
threshold=2011.5000000000002 3.4038791188656958 -74.028551499999978 40.841028000000016 -73.814040999999989 40.662525000000009 24.664724108537481 6.5000000000000009 18.500000000000004 40.857022500000006 0.11046849862681689 0.99058827774661717 19.182206635283801 -73.945783499999976 21.459619358952576 8.5000000000000018 2012.5000000000002 8.5000000000000018 40.703902000000006 1.0000000180025095e-35 24.664724108537481 16.446537859239097 40.746582500000009 40.702469000000008 19.290811040793937 40.797060960083016 21.36020613353649 40.635809574584968 21.895887393730529 6.7635257570514264
decision_type=2 8 8 10 10 8 10 2 2 10 10 10 2 10 2 2 2 2 10 2 10 2 10 2 10 10 2 10 2 2
left_child=25 9 6 5 13 23 18 -7 15 11 -11 -2 -13 -5 -8 16 -9 -14 -3 20 -6 22 -16 -4 27 -1 -27 -25 -15 -10
right_child=1 2 3 4 19 7 14 8 29 10 -12 12 17 28 21 -17 -18 -19 -20 -21 -22 -23 -24 24 -26 26 -28 -29 -30 -31
leaf_value=-0.27758285880173134 -0.20460606427864611 2.6705978353400543 -0.045806966508735135 22.085652103415701 21.034737605326331 -0.17279711191049771 13.78791599372496 0.067554147981710222 -0.51901535662585563 21.775466746447758 1.8980103686875764 1.0829950952886123 0.000198274083541597 4.1782781693653188 108.45626975297928 2.0440643464230384 1.3695973819453759 0.42866326411988953 8.8821519525217472 -0.98485461227613669 46.838903970426792 16.459061601504082 37.008435624726808 7.0415153135470634 1.7494789766073238 1.6000637113296978 -0.15878732406488025 3.4061249050473115 1.1371057225725956 0.51694082872902125
leaf_weight=15554624 5653047 34082 38126 1282 1795 701921 5835 328877 379979 2433 5012 639160 6252532 61836 104 463596 816193 2481673 10477 417 695 223 161 31071 135250 202626 488697 51626 50148 600173
leaf_count=15554624 5653047 34082 38126 1282 1795 701921 5835 328877 379979 2433 5012 639160 6252532 61836 104 463596 816193 2481673 10477 417 695 223 161 31071 135250 202626 488697 51626 50148 600173
internal_value=0 0.334078 1.41175 1.31148 5.47731 1.17503 8.63048 0.972165 1.30783 0.0678565 12.9137 0.0614918 0.288419 4.66846 24.6623 1.99658 1.53175 0.187599 6.35554 36.9928 43.4417 65.9148 100.074 3.78199 4.45591 -0.385524 0.548815 7.34157 4.33292 0.177428
internal_weight=0 1.87477e+07 3.71387e+06 3.66298e+06 116173 3.54681e+06 50882 3.29074e+06 2.58882e+06 1.50339e+07 7445 1.50264e+07 9.37336e+06 113266 6323 1.60867e+06 1.14507e+06 8.7342e+06 44559 2907 2490 488 265 256073 217947 1.62459e+07 691323 82697 111984 980152
internal_count=34993671 18747724 3713867 3662985 116173 3546812 50882 3290739 2588818 15033857 7445 15026412 9373365 113266 6323 1608666 1145070 8734205 44559 2907 2490 488 265 256073 217947 16245947 691323 82697 111984 980152
shrinkage=0.65


end of trees

feature importances:
dropoff_latitude=24
distance=24
year=16
jfk_dist=13
pickup_latitude=11
dropoff_longitude=10
lga_dist=7
ewr_dist=6
hour=4
invalid=3
month=2

parameters:
[boosting: gbdt]
[objective: regression]
[metric: rmse]
[tree_learner: serial]
[device_type: cpu]
[data: ]
[valid: ]
[num_iterations: 100]
[learning_rate: 0.65]
[num_leaves: 31]
[num_threads: 0]
[max_depth: -1]
[min_data_in_leaf: 20]
[min_sum_hessian_in_leaf: 0.001]
[bagging_fraction: 1]
[pos_bagging_fraction: 1]
[neg_bagging_fraction: 1]
[bagging_freq: 0]
[bagging_seed: 3]
[feature_fraction: 1]
[feature_fraction_bynode: 1]
[feature_fraction_seed: 2]
[early_stopping_round: 0]
[first_metric_only: 0]
[max_delta_step: 0]
[lambda_l1: 0]
[lambda_l2: 0]
[min_gain_to_split: 0]
[drop_rate: 0.1]
[max_drop: 50]
[skip_drop: 0.5]
[xgboost_dart_mode: 0]
[uniform_drop: 0]
[drop_seed: 4]
[top_rate: 0.2]
[other_rate: 0.1]
[min_data_per_group: 100]
[max_cat_threshold: 32]
[cat_l2: 10]
[cat_smooth: 10]
[max_cat_to_onehot: 4]
[top_k: 20]
[monotone_constraints: ]
[feature_contri: ]
[forcedsplits_filename: ]
[forcedbins_filename: ]
[refit_decay_rate: 0.9]
[cegb_tradeoff: 1]
[cegb_penalty_split: 0]
[cegb_penalty_feature_lazy: ]
[cegb_penalty_feature_coupled: ]
[verbosity: -1]
[max_bin: 255]
[max_bin_by_feature: ]
[min_data_in_bin: 3]
[bin_construct_sample_cnt: 200000]
[histogram_pool_size: -1]
[data_random_seed: 1]
[output_model: LightGBM_model.txt]
[snapshot_freq: -1]
[input_model: ]
[output_result: LightGBM_predict_result.txt]
[initscore_filename: ]
[valid_data_initscores: ]
[pre_partition: 0]
[enable_bundle: 1]
[max_conflict_rate: 0]
[is_enable_sparse: 1]
[sparse_threshold: 0.8]
[use_missing: 1]
[zero_as_missing: 0]
[two_round: 0]
[save_binary: 0]
[header: 0]
[label_column: ]
[weight_column: ]
[group_column: ]
[ignore_column: ]
[categorical_feature: ]
[predict_raw_score: 0]
[predict_leaf_index: 0]
[predict_contrib: 0]
[num_iteration_predict: -1]
[pred_early_stop: 0]
[pred_early_stop_freq: 10]
[pred_early_stop_margin: 10]
[convert_model_language: ]
[convert_model: gbdt_prediction.cpp]
[num_class: 1]
[is_unbalance: 0]
[scale_pos_weight: 1]
[sigmoid: 1]
[boost_from_average: 1]
[reg_sqrt: 0]
[alpha: 0.9]
[fair_c: 1]
[poisson_max_delta_step: 0.7]
[tweedie_variance_power: 1.5]
[max_position: 20]
[lambdamart_norm: 1]
[label_gain: ]
[metric_freq: 1]
[is_provide_training_metric: 0]
[eval_at: ]
[multi_error_top_k: 1]
[num_machines: 1]
[local_listen_port: 12400]
[time_out: 120]
[machine_list_filename: ]
[machines: ]
[gpu_platform_id: -1]
[gpu_device_id: -1]
[gpu_use_dp: 0]

end of parameters

pandas_categorical:[]
