tree
version=v3
num_class=1
num_tree_per_iteration=1
label_index=0
max_feature_idx=12
objective=regression
feature_names=pickup_longitude pickup_latitude dropoff_longitude dropoff_latitude year month weekday hour distance jfk_dist ewr_dist lga_dist invalid
feature_infos=[-2972.2616320000002:57.418456999999997] [-834.49058300000002:1613.6219180000001] [-2972.2632979999998:2052.5233920000001] [-881.9855130000002:2007.8831949999999] [2009:2015] [1:12] [1:7] [0:23] [0:13251.364971748619] [0.027169598597496295:17013.309211641445] [0.68635144654676117:17028.372128268442] [0.25983998830463256:17030.233982476595] [0:2]
tree_sizes=3194 3246 3259

Tree=0
num_leaves=31
num_cat=0
split_feature=8 8 8 12 3 8 8 2 3 8 3 11 4 4 8 1 2 4 4 4 8 8 1 9 8 8 10 4 11 4
split_gain=1.55842e+09 2.68315e+08 1.52272e+08 8.62466e+07 4.27574e+07 3.77906e+07 3.50646e+07 2.84154e+07 1.63249e+07 1.61391e+07 1.44153e+07 1.41577e+07 1.17858e+07 1.10922e+07 1.0831e+07 8.38329e+06 7.70535e+06 7.18507e+06 6.8126e+06 6.48094e+06 6.20169e+06 7.87141e+06 5.78314e+06 5.70074e+06 5.29115e+06 8.9088e+06 3.89497e+06 3.62065e+06 3.46385e+06 3.29288e+06
threshold=7.7965897815839069 2.7271022913019416 16.245738513452519 1.0000000180025095e-35 40.702349000000005 4.3164896386362992 1.3887223181667097 -74.02304199999999 40.648720000000004 10.867623370985255 40.698111500000003 14.188427458779911 2012.5000000000002 2012.5000000000002 0.025501459392741163 40.721977500000008 -74.02304199999999 2012.5000000000002 2012.5000000000002 2012.5000000000002 0.025501459392741163 0.79681690400361138 40.736835500000005 9.1720725881024805 0.025501459392741163 1.0000000180025095e-35 12.866863505034194 2012.5000000000002 14.188427458779911 2012.5000000000002
decision_type=2 2 2 2 2 2 2 2 2 2 2 2 2 2 2 2 2 2 2 2 2 2 2 2 2 2 2 2 2 2
left_child=1 4 9 7 14 10 11 27 -7 29 22 20 23 -11 26 -16 -10 -12 -18 -8 -6 -22 -3 -9 25 -13 -1 -4 -5 -2
right_child=2 5 3 28 6 8 19 12 16 13 17 24 -14 -15 15 -17 18 -19 -20 -21 21 -23 -24 -25 -26 -27 -28 -29 -30 -31
leaf_value=38.185075986832075 19.529418809967233 14.553800456934825 46.459081066886483 13.198124214265116 10.930256833574216 25.837173286028108 9.6684435848449599 34.344743008946239 32.96100029660883 23.512868197268503 11.811111321852582 18.778456082587237 38.8296350931126 28.040092517517429 10.380135741015282 15.416846801848868 14.686728322679199 13.544327420634094 17.033008127683892 10.772223407199913 7.9120664465107904 8.8573614310931479 20.46589831825699 26.800974549626975 11.26171935920468 45.972514180148877 17.451601132872955 57.07862365543869 26.1443250102391 22.82711308596123
leaf_weight=3897 320116 153207 31184 72681 419074 68791 6034547 347248 10836 575533 2726971 18245 299704 379380 337956 237906 1364845 1605483 847532 3581325 7287272 7606470 128567 48198 15996 7059 216622 24007 9924 213095
leaf_count=3897 320116 153207 31184 72681 419074 68791 6034547 347248 10836 575533 2726971 18245 299704 379380 337956 237906 1364845 1605483 847532 3581325 7287272 7606470 128567 48198 15996 7059 216622 24007 9924 213095
internal_value=0 -1.77869 25.0377 35.8639 -3.26231 3.75655 -3.49237 39.2402 7.0756 18.978 2.1079 -4.43016 37.5062 21.4388 3.95089 1.66877 6.60615 1.65714 6.47586 -1.99495 -4.48003 -4.58678 9.03862 33.9216 14.0598 23.0592 9.91039 61.0802 5.1957 14.5709
internal_weight=0 3.26726e+07 2.32107e+06 832946 2.57664e+07 6.90623e+06 2.497e+07 750341 2.292e+06 1.48812e+06 4.61423e+06 1.53541e+07 695150 954913 796381 575862 2.22321e+06 4.33245e+06 2.21238e+06 9.61587e+06 1.53128e+07 1.48937e+07 281774 395446 41300 25304 220519 55191 82605 533211
internal_count=34993671 32672601 2321070 832946 25766369 6906232 24969988 750341 2292004 1488124 4614228 15354116 695150 954913 796381 575862 2223213 4332454 2212377 9615872 15312816 14893742 281774 395446 41300 25304 220519 55191 82605 533211
shrinkage=1


Tree=1
num_leaves=31
num_cat=0
split_feature=8 8 9 2 3 1 1 10 11 3 3 3 2 8 1 9 2 9 9 3 4 3 1 3 3 3 4 4 1 3
split_gain=2.02517e+08 3.23044e+07 2.9747e+07 1.45245e+07 8.99245e+06 1.07602e+07 9.11761e+06 8.07491e+06 7.59924e+06 6.22973e+06 5.80654e+06 5.23446e+06 4.6175e+06 3.9344e+06 3.88094e+06 3.44196e+06 3.34259e+06 3.2117e+06 3.00856e+06 2.94204e+06 2.7549e+06 2.6746e+06 2.66466e+06 3.79559e+06 2.66378e+06 2.03899e+06 1.82596e+06 1.81829e+06 1.71573e+06 2.3492e+06
threshold=5.9642742496484322 2.0874135874346464 9.1720725881024805 -74.02304199999999 40.723103500000008 40.722812500000011 40.747902500000009 26.643017064213858 1.397248952879999 40.85667541186524 40.817529000000007 40.817529000000007 -74.02304199999999 19.146991078645094 40.694154500000003 19.96233566715539 -74.02304199999999 18.632861505698873 21.919113670686226 40.672086500000013 2012.5000000000002 40.774919500000003 40.74699741662598 40.746904000000008 40.85667541186524 40.728309000000003 2011.5000000000002 2011.5000000000002 40.791089500000005 40.756011500000007
decision_type=2 2 2 2 2 2 2 2 2 2 2 2 2 2 2 2 2 2 2 2 2 2 2 2 2 2 2 2 2 2
left_child=1 7 9 -4 6 14 19 12 24 13 -10 16 -1 21 -6 22 -7 -8 -13 -3 -17 -2 23 -14 26 -24 -5 -15 -18 -30
right_child=2 4 3 8 5 11 17 -9 10 -11 -12 18 15 27 -16 20 28 -19 -20 -21 -22 -23 25 -25 -26 -27 -28 -29 29 -31
leaf_value=6.3179068398136469 4.9182108504695776 3.0349354390783767 12.863396343371022 3.9016357562804544 6.5541549362767828 12.309487003354771 5.5934550598277983 2.3861982850001202 1.8730377965766793 27.817792354602709 5.792803905174317 5.9893843304311067 -0.95555965624503136 7.9408114614328262 1.8174227141912895 -1.2503374842538109 -0.28069834076099698 2.6261237039992595 0.99650178439959392 -0.0040552416519353488 -0.74465379054462455 12.280732774658755 2.8014299899039918 1.7463297683695795 22.307161228213175 0.025864031678181448 5.6731564201372748 10.365883416298129 3.5727131527503309 0.0058375391216911113
leaf_weight=36755 155993 158694 74752 438352 79439 9030 198951 308750 971583 7150 191071 88624 1544775 216243 913137 12214538 6455664 683748 120074 886158 7255410 24062 191566 256086 3726 268642 559700 329942 117022 234034
leaf_count=36755 155993 158694 74752 438352 79439 9030 198951 308750 971583 7150 191071 88624 1544775 216243 913137 12214538 6455664 683748 120074 886158 7255410 24062 191566 256086 3726 268642 559700 329942 117022 234034
internal_value=0 -0.732967 7.89566 6.08524 0.763562 0.297287 2.70288 -1.40709 5.61193 13.4232 3.87264 -0.138205 -1.47912 13.134 3.37926 -1.49806 -0.289259 5.06912 4.79498 0.703865 -1.63369 9.08018 -0.330209 -0.878993 7.63054 1.81726 7.53091 14.4704 -0.314766 1.8382
internal_weight=0 3.20211e+07 2.97257e+06 2.23918e+06 9.94458e+06 8.01702e+06 1.92755e+06 2.20765e+07 2.16443e+06 733390 1.16265e+06 7.02445e+06 2.17678e+07 726240 992576 2.1731e+07 6.81575e+06 882699 208698 1.04485e+06 1.94699e+07 180055 2.26107e+06 1.80086e+06 1.00178e+06 460208 998052 546185 6.80672e+06 351056
internal_count=34993671 32021097 2972574 2239184 9944575 8017024 1927551 22076522 2164432 733390 1162654 7024448 21767772 726240 992576 21731017 6815750 882699 208698 1044852 19469948 180055 2261069 1800861 1001778 460208 998052 546185 6806720 351056
shrinkage=0.65


Tree=2
num_leaves=31
num_cat=0
split_feature=8 8 8 4 12 9 9 2 3 1 10 8 4 10 3 11 7 3 7 7 9 1 3 8 2 8 11 2 3 1
split_gain=2.61218e+07 5.85237e+06 4.42234e+06 2.93721e+06 2.5395e+06 2.39794e+06 2.34279e+06 2.26617e+06 2.2108e+06 2.07584e+06 2.00915e+06 3.23177e+06 2.13001e+06 1.89386e+06 1.87052e+06 1.84836e+06 1.84823e+06 1.76746e+06 1.77349e+06 1.54304e+06 1.45447e+06 4.84604e+06 5.15215e+06 2.21735e+06 1.80504e+06 1.42176e+06 1.77191e+06 1.22808e+06 1.33359e+06 1.22795e+06
threshold=5.3376275551868693 13.11081540470226 1.773535574602944 2011.5000000000002 1.0000000180025095e-35 1.2463358578923727 19.299941920274595 -74.02304199999999 40.672086500000013 40.729948500000006 23.987737582030402 20.996211979004258 2010.5000000000002 17.254063347488799 40.781684500000019 8.3028047116157762 6.5000000000000009 40.782220500000008 7.5000000000000009 18.500000000000004 21.307602371968404 40.765774500000006 40.765416000000009 0.10263237066529264 -74.02304199999999 20.996211979004258 12.094907781633548 -74.02304199999999 40.71212502807618 40.776632500000005
decision_type=2 2 2 2 2 2 2 2 2 2 2 2 2 2 2 2 2 2 2 2 2 2 2 2 2 2 2 2 2 2
left_child=2 8 5 -4 10 -1 14 -8 9 -2 25 -12 -13 17 29 -7 -10 18 -9 -20 21 22 -17 24 -22 26 -3 28 -27 -5
right_child=1 4 3 6 -6 15 7 13 16 -11 11 12 -14 -15 -16 20 -18 -19 19 -21 23 -23 -24 -25 -26 27 -28 -29 -30 -31
leaf_value=4.8708546626966607 -0.033144370755206598 2.6234031202368775 -0.21883506215381218 1.1289207481261163 -0.63744269862086667 -0.74654038566678615 9.7495474837169454 -0.5765416956317555 -0.094060722464289648 6.1915001813534998 5.3977738832166695 8.1302779758085943 37.95928364366172 -0.38488289328643904 7.5876072603683484 -0.32120781382471436 1.2943070750753742 2.0919714252531403 0.92086385560904438 -0.021132740769974134 6.5808500722226277 2.0869403299221787 2.0855773559233741 -0.65930094650377336 0.60206183420148984 6.4210464078740799 -1.8572372415895233 3.5326428255578985 22.107585437665733 5.3878124789130677
leaf_weight=36759 34549 632190 5558030 798298 83076 4557731 10642 690027 555711 65643 17271 1730 2435 1445262 20362 8815151 1494852 268632 1993944 1163341 22649 401998 392519 5024933 367667 33094 39627 433422 2460 29666
leaf_count=36759 34549 632190 5558030 798298 83076 4557731 10642 690027 555711 65643 17271 1730 2435 1445262 20362 8815151 1494852 268632 1993944 1163341 22649 401998 392519 5024933 367667 33094 39627 433422 2460 29666
internal_value=0 2.6354 -0.283248 0.195543 4.36058 -0.575563 0.656286 0.420577 1.6365 6.22318 4.74237 14.334 39.3374 0.392679 2.20443 -0.59071 1.41239 0.738482 0.565325 0.882728 -0.4215 -0.187939 -0.336319 -0.835968 1.45999 4.56214 3.62941 5.89831 11.5483 1.97156
internal_weight=0 3.39606e+06 3.15976e+07 1.19782e+07 1.2453e+06 1.96194e+07 6.42017e+06 5.57185e+06 2.15076e+06 100192 1.16223e+06 21436 4165 5.56121e+06 848326 1.95826e+07 2.05056e+06 4.11594e+06 3.84731e+06 3.15728e+06 1.50249e+07 9.60967e+06 9.20767e+06 5.41525e+06 390316 1.14079e+06 671817 468976 35554 827964
internal_count=34993671 3396060 31597611 11978204 1245305 19619407 6420174 5571848 2150755 100192 1162229 21436 4165 5561206 848326 19582648 2050563 4115944 3847312 3157285 15024917 9609668 9207670 5415249 390316 1140793 671817 468976 35554 827964
shrinkage=0.65


end of trees

feature importances:
distance=20
dropoff_latitude=18
year=12
pickup_latitude=10
dropoff_longitude=8
jfk_dist=8
lga_dist=5
ewr_dist=4
hour=3
invalid=2

parameters:
[boosting: gbdt]
[objective: regression]
[metric: rmse]
[tree_learner: serial]
[device_type: cpu]
[data: ]
[valid: ]
[num_iterations: 100]
[learning_rate: 0.65]
[num_leaves: 31]
[num_threads: 0]
[max_depth: -1]
[min_data_in_leaf: 20]
[min_sum_hessian_in_leaf: 0.001]
[bagging_fraction: 1]
[pos_bagging_fraction: 1]
[neg_bagging_fraction: 1]
[bagging_freq: 0]
[bagging_seed: 3]
[feature_fraction: 1]
[feature_fraction_bynode: 1]
[feature_fraction_seed: 2]
[early_stopping_round: 0]
[first_metric_only: 0]
[max_delta_step: 0]
[lambda_l1: 0]
[lambda_l2: 0]
[min_gain_to_split: 0]
[drop_rate: 0.1]
[max_drop: 50]
[skip_drop: 0.5]
[xgboost_dart_mode: 0]
[uniform_drop: 0]
[drop_seed: 4]
[top_rate: 0.2]
[other_rate: 0.1]
[min_data_per_group: 100]
[max_cat_threshold: 32]
[cat_l2: 10]
[cat_smooth: 10]
[max_cat_to_onehot: 4]
[top_k: 20]
[monotone_constraints: ]
[feature_contri: ]
[forcedsplits_filename: ]
[forcedbins_filename: ]
[refit_decay_rate: 0.9]
[cegb_tradeoff: 1]
[cegb_penalty_split: 0]
[cegb_penalty_feature_lazy: ]
[cegb_penalty_feature_coupled: ]
[verbosity: -1]
[max_bin: 255]
[max_bin_by_feature: ]
[min_data_in_bin: 3]
[bin_construct_sample_cnt: 200000]
[histogram_pool_size: -1]
[data_random_seed: 1]
[output_model: LightGBM_model.txt]
[snapshot_freq: -1]
[input_model: ]
[output_result: LightGBM_predict_result.txt]
[initscore_filename: ]
[valid_data_initscores: ]
[pre_partition: 0]
[enable_bundle: 1]
[max_conflict_rate: 0]
[is_enable_sparse: 1]
[sparse_threshold: 0.8]
[use_missing: 1]
[zero_as_missing: 0]
[two_round: 0]
[save_binary: 0]
[header: 0]
[label_column: ]
[weight_column: ]
[group_column: ]
[ignore_column: ]
[categorical_feature: ]
[predict_raw_score: 0]
[predict_leaf_index: 0]
[predict_contrib: 0]
[num_iteration_predict: -1]
[pred_early_stop: 0]
[pred_early_stop_freq: 10]
[pred_early_stop_margin: 10]
[convert_model_language: ]
[convert_model: gbdt_prediction.cpp]
[num_class: 1]
[is_unbalance: 0]
[scale_pos_weight: 1]
[sigmoid: 1]
[boost_from_average: 1]
[reg_sqrt: 0]
[alpha: 0.9]
[fair_c: 1]
[poisson_max_delta_step: 0.7]
[tweedie_variance_power: 1.5]
[max_position: 20]
[lambdamart_norm: 1]
[label_gain: ]
[metric_freq: 1]
[is_provide_training_metric: 0]
[eval_at: ]
[multi_error_top_k: 1]
[num_machines: 1]
[local_listen_port: 12400]
[time_out: 120]
[machine_list_filename: ]
[machines: ]
[gpu_platform_id: -1]
[gpu_device_id: -1]
[gpu_use_dp: 0]

end of parameters

pandas_categorical:[]
