tree
version=v3
num_class=1
num_tree_per_iteration=1
label_index=0
max_feature_idx=12
objective=regression
feature_names=pickup_longitude pickup_latitude dropoff_longitude dropoff_latitude year month weekday hour distance jfk_dist ewr_dist lga_dist invalid
feature_infos=[-900.25528800000018:3061.8729880000001] [-2122.1386280000002:2052.598622] [-3412.6530870000001:3061.8729880000001] [-2122.1386280000002:2052.598622] [2009:2015] [1:12] [1:7] [0:23] [0:16587.840633864493] [0.45755599646675016:16791.418069292016] [0.59725019993415851:16782.318512845071] [0.18709100222203176:16775.451572760438] [0:2]
tree_sizes=3188 3189 3320 3164 3141 3172 3137 3011 3124 3047

Tree=0
num_leaves=31
num_cat=0
split_feature=8 8 8 12 3 8 8 2 8 3 3 11 4 4 8 1 2 4 4 4 8 8 1 9 1 4 2 9 8 8
split_gain=1.56138e+09 2.66421e+08 1.54651e+08 8.60809e+07 4.52509e+07 3.91102e+07 3.35052e+07 2.86073e+07 1.68216e+07 1.63834e+07 1.49172e+07 1.48127e+07 1.16937e+07 1.1256e+07 1.06583e+07 8.55719e+06 7.61714e+06 7.23168e+06 6.9354e+06 6.28007e+06 6.21843e+06 7.95377e+06 5.95767e+06 5.22307e+06 5.09559e+06 8.89204e+07 6.30785e+08 3.24411e+09 4.45768e+06 8.87668e+06
threshold=7.7494064205028179 2.6902641534898311 16.322410616898711 1.0000000180025095e-35 40.704294000000012 4.2934358182013552 1.3947547131299352 -74.024646999999987 10.819841691643195 40.648329000000011 40.698998500000009 14.215731922868546 2012.5000000000002 2012.5000000000002 0.031942148746995962 40.712065000000003 -74.024646999999987 2012.5000000000002 2012.5000000000002 2012.5000000000002 0.031942148746995962 0.79565366256344361 40.738919000000003 9.2414725992899047 40.713732500000013 2014.5000000000002 -74.011972499999985 20.239407951255004 0.031942148746995962 1.0000000180025095e-35
decision_type=10 8 10 2 10 8 8 10 10 8 8 2 2 2 10 2 8 2 2 2 10 10 2 2 2 2 10 2 10 10
left_child=1 4 8 7 14 10 11 -4 -2 -7 22 20 23 -10 -1 -16 -11 -12 -18 -8 -6 -22 -3 -9 25 -17 27 -27 29 -13
right_child=2 5 3 -5 6 9 19 12 13 16 17 28 -14 -15 15 24 18 -19 -20 -21 21 -23 -24 -25 -26 26 -28 -29 -30 -31
leaf_value=17.765235418306933 20.786727817117686 14.612033142120078 51.183926771112482 14.773563043928249 10.905577663047605 25.840341539483603 9.6498661336423996 34.351989932425809 23.521168353877904 33.115575972403875 11.761444119724423 18.771113273876587 38.881741763908096 28.057400705547064 9.7907211478315439 10.506782895749815 14.663157539857128 13.475108323214865 17.01656967045167 10.751783090510971 7.9094431767822595 8.8591706514700448 20.545290223415204 26.997210234899832 14.191864989802433 9170.5976329068817 11.36980932582445 9.1403469263450852 11.846349644009003 46.20169623376276
leaf_weight=221799 537282 163750 55254 82062 429835 68638 5867021 347554 581282 10496 2805440 17753 298735 383644 274093 9007 1381947 1653747 857236 3482170 7243998 7670813 126923 46221 355533 20 714 89 13685 6930
leaf_count=221799 537282 163750 55254 82062 429835 68638 5867021 347554 581282 10496 2805440 17753 298735 383644 274093 9007 1381947 1653747 857236 3482170 7243998 7670813 126923 46221 355533 20 714 89 13685 6930
internal_value=0 -1.78488 24.9983 35.955 -3.28579 3.64983 -3.53392 39.3291 18.9458 7.01685 2.00645 -4.4413 37.5819 21.4428 3.8397 1.76788 6.55251 1.55399 6.42653 -2.04092 -4.49037 -4.59844 8.94757 34.0028 4.93633 27.3957 342.036 2582.7 15.1828 23.2087
internal_weight=0 3.26616e+07 2.33203e+06 829826 2.55935e+07 7.06818e+06 2.47322e+07 747764 1.50221e+06 2.31832e+06 4.74986e+06 1.5383e+07 692510 964926 861255 639456 2.24968e+06 4.45919e+06 2.23918e+06 9.34919e+06 1.53446e+07 1.49148e+07 290673 393775 365363 9830 823 109 38368 24683
internal_count=34993671 32661637 2332034 829826 25593460 7068177 24732205 747764 1502208 2318317 4749860 15383014 692510 964926 861255 639456 2249679 4459187 2239183 9349191 15344646 14914811 290673 393775 365363 9830 823 109 38368 24683
shrinkage=1


Tree=1
num_leaves=31
num_cat=0
split_feature=8 8 9 2 3 1 1 11 10 2 3 3 3 8 4 2 9 4 1 8 9 3 4 2 3 9 3 4 8 4
split_gain=2.02698e+08 3.18163e+07 3.085e+07 1.51296e+07 1.00963e+07 1.11897e+07 8.98158e+06 7.96287e+06 7.65204e+06 6.31867e+06 6.27061e+06 5.93206e+06 5.22344e+06 4.78658e+06 6.92249e+07 5.9986e+08 2.56159e+09 4.41456e+06 3.91366e+06 3.89069e+06 3.37589e+06 3.35327e+06 3.29881e+06 3.11776e+06 3.01497e+06 3.00628e+06 2.76666e+06 2.50476e+06 2.46943e+06 1.89572e+06
threshold=5.8889598459898478 2.0136528614748399 9.2414725992899047 -74.024646999999987 40.723179000000009 40.722822500000007 40.747943939086916 1.3847364831548965 26.661627312388479 -74.024646999999987 40.856641000000018 40.817400000000006 40.817400000000006 2.0321778762014513 2014.5000000000002 -74.011972499999985 20.439855703367442 2012.5000000000002 40.69447250000001 19.313480921620684 18.622566172736331 40.671741000000004 2012.5000000000002 -74.016069252441397 40.856641000000018 21.914659361829017 40.774807500000009 2011.5000000000002 0.031942148746995962 2011.5000000000002
decision_type=10 8 2 10 8 2 2 2 2 8 10 10 10 10 2 10 2 2 2 10 2 10 2 8 10 2 10 2 10 2
left_child=1 8 10 17 6 18 13 24 9 28 19 -9 23 14 -3 16 -16 -4 -6 26 -8 -15 -11 -7 27 -14 -2 -5 -1 -21
right_child=2 4 3 7 5 12 20 11 -10 22 -12 -13 25 21 15 -17 -18 -19 -20 29 -22 -23 -24 -25 -26 -27 -28 -29 -30 -31
leaf_value=12.976850711453613 5.0404498306283045 0.076401589448612361 8.8498121777774656 3.7245730262743253 6.4325791320099235 11.208513523793766 5.637389483431642 1.8502705926651832 2.3003518817040902 -1.190258325846727 27.6916395936064 5.7573430000293051 5.958912401745553 3.1460743861252705 8267.7860276186093 0.79116105725952979 0.142009233938236 18.996303970604391 1.7767125215907527 7.9493942004578448 2.6140068836728179 -0.10459572307588082 -0.66015719336927037 -0.24635287895911112 22.778274945619184 0.96062274733306552 12.248057094601744 5.8061248591293149 2.0504693167461885 10.440245595727211
leaf_weight=18254 163842 11975 44395 435290 83001 10053 201018 1014311 305114 13295064 7311 195892 87974 156866 20 781 76 30607 941974 214094 697332 922835 7911150 7195507 3998 120450 26083 556483 16766 325155
leaf_count=18254 163842 11975 44395 435290 83001 10053 201018 1014311 305114 13295064 7311 195892 87974 156866 20 781 76 30607 941974 214094 697332 922835 7911150 7195507 3998 120450 26083 556483 16766 325155
internal_value=0 -0.739328 7.8347 6.01782 0.694374 0.216488 2.72001 5.54293 -1.43333 -1.50476 13.4618 3.81953 -0.211662 0.794028 19.9789 291.175 2650.1 19.9853 3.31344 13.1696 5.06235 0.565666 -1.52692 -0.354417 7.63745 4.72363 9.27737 7.52697 11.9166 14.5405
internal_weight=0 3.19762e+07 3.01746e+06 2.28098e+06 1.04299e+07 8.43896e+06 1.9909e+06 2.20597e+06 2.15463e+07 2.12412e+07 736485 1.2102e+06 7.41398e+06 1.09255e+06 12852 877 96 75002 1.02498e+06 729174 898350 1.0797e+06 2.12062e+07 7.20556e+06 995771 208424 189925 991773 35020 539249
internal_count=34993671 31976210 3017461 2280976 10429862 8438959 1990903 2205974 21546348 21241234 736485 1210203 7413984 1092553 12852 877 96 75002 1024975 729174 898350 1079701 21206214 7205560 995771 208424 189925 991773 35020 539249
shrinkage=0.65


Tree=2
num_leaves=31
num_cat=0
split_feature=8 8 9 4 1 3 9 11 10 12 3 1 9 1 3 8 7 7 0 1 11 10 0 7 8 2 1 3 1 1
split_gain=2.62512e+07 9.70327e+06 5.54034e+06 3.4419e+06 3.03037e+06 5.0841e+06 2.99284e+06 2.93537e+06 2.77837e+06 3.63375e+06 2.44441e+06 2.18151e+06 1.79681e+06 7.94816e+06 7.81901e+06 2.16418e+06 1.65053e+06 1.52637e+06 1.45798e+06 1.39515e+06 1.29754e+06 1.67041e+06 1.27046e+06 1.26333e+06 1.19906e+06 1.17824e+06 2.03442e+06 2.04113e+06 3.3011e+06 1.4717e+06
threshold=3.5949488238994811 13.118111075100801 19.952018836023132 2011.5000000000002 40.745147500000009 40.747593500000008 1.2518297934358953 7.4982261618229193 24.114670536712811 1.0000000180025095e-35 40.662908500000007 40.702866500000006 21.879376651882882 40.779540500000003 40.777309500000008 0.11411767007300715 6.5000000000000009 7.5000000000000009 -74.011678499999988 40.756623500000011 12.109348604685719 15.779187168789976 -73.944932499999979 18.500000000000004 21.045677433249473 -73.978994499999985 40.766117500000007 40.757681500000011 40.748257500000008 40.755931927124031
decision_type=10 8 2 2 2 8 2 2 2 2 10 2 2 2 10 8 2 2 2 2 2 2 2 2 10 8 2 10 2 2
left_child=2 3 4 -2 5 6 -1 -4 9 20 11 -5 13 14 17 18 -12 -9 -14 -16 24 -22 -6 -18 -3 26 27 29 -29 -19
right_child=1 8 7 10 22 -7 -8 12 -10 -11 16 -13 15 -15 19 -17 23 25 -20 -21 21 -23 -24 -25 -26 -27 -28 28 -30 -31
leaf_value=4.694906759550812 0.20815996551701912 2.6669321016029355 -0.83077916993468692 -2.2948680338984371 2.0533961967744792 2.4603193997397943 -0.32695935824196287 -0.79556122550907737 8.7999928377027477 -1.8255155856226166 0.25757460239518704 6.1904771506259406 5.6994485044421319 2.5577951042345703 2.9709297927975804 -0.82101803961873132 1.8989544700975016 -0.45397342432245952 0.52412605380240407 1.0434607850848676 2.7250532152145239 -2.1770687665984032 0.27778008568799983 0.84026094614571456 4.1313858892101196 -0.5546129713262048 1.1806200154085635 1.7872076885469568 -0.29255266035897504 0.26071630729121215
leaf_weight=51352 2215388 635751 4649062 15571 629120 350166 2123523 2516513 32194 71131 614318 71959 24828 439726 313456 3422321 1193982 6407956 312143 321289 84816 44924 233418 792168 375881 3730405 479429 541973 796070 1502838
leaf_count=51352 2215388 635751 4649062 15571 629120 350166 2123523 2516513 32194 71131 614318 71959 24828 439726 313456 3422321 1193982 6407956 312143 321289 84816 44924 233418 792168 375881 3730405 479429 541973 796070 1502838
internal_value=0 1.87607 -0.399861 1.24312 0.801561 0.248774 -0.320593 -0.559729 4.36955 4.1261 2.00372 7.20152 -0.399228 -0.261247 -0.372339 -1.02502 1.82877 -0.509102 1.39299 3.0697 4.55827 1.58098 2.41982 2.27184 4.9401 -0.375441 -0.19222 -0.296337 0.845926 -0.489541
internal_weight=0 6.14808e+06 2.88456e+07 4.90339e+06 3.38758e+06 2.52504e+06 2.17488e+06 2.5458e+07 1.2447e+06 1.2125e+06 2.688e+06 87530 2.08089e+07 1.70497e+07 1.66099e+07 3.75929e+06 2.60047e+06 1.59752e+07 336971 634745 1.14137e+06 129740 862538 1.98615e+06 1.01163e+06 1.34587e+07 9.72827e+06 9.24884e+06 1.33804e+06 7.91079e+06
internal_count=34993671 6148083 28845588 4903386 3387579 2525041 2174875 25458009 1244697 1212503 2687998 87530 20808947 17049655 16609929 3759292 2600468 15975184 336971 634745 1141372 129740 862538 1986150 1011632 13458671 9728266 9248837 1338043 7910794
shrinkage=0.65


Tree=3
num_leaves=31
num_cat=0
split_feature=8 4 2 3 1 1 11 3 4 3 2 2 5 4 2 8 10 3 5 12 12 3 3 1 3 11 3 8 3 8
split_gain=4.43906e+06 2.46076e+06 2.41289e+06 1.87178e+06 4.02363e+06 2.60547e+06 2.45995e+06 1.92342e+06 1.79738e+06 1.96007e+06 3.1645e+06 1.59033e+06 1.30171e+06 1.53377e+06 1.18918e+06 2.43006e+06 1.80546e+06 1.01023e+06 907845 803872 782140 710273 702019 655318 629256 702501 625313 598382 595229 703058
threshold=5.3104865180076573 2011.5000000000002 -74.024646999999987 40.725178382446295 40.734475500000009 40.725577500000014 16.436616307568805 40.738789500000003 2012.5000000000002 40.856641000000018 -73.782222500000003 -73.937644499999962 9.5000000000000018 2011.5000000000002 -74.024646999999987 24.851034636956292 22.778911760112756 40.662908500000007 8.5000000000000018 1.0000000180025095e-35 1.0000000180025095e-35 40.671741000000004 40.788246077392586 -1.0000000180025095e-35 40.755513500000006 11.367494835148081 40.644240000000003 2.6902641534898311 40.682936500000004 1.0000000180025095e-35
decision_type=10 2 8 8 2 2 2 10 2 8 10 10 2 2 10 10 2 10 2 2 2 10 10 2 8 2 10 10 10 10
left_child=1 20 28 4 17 7 18 -5 12 14 11 -11 -2 -14 15 26 -17 23 -7 -8 -1 -16 -9 -4 -23 -26 -10 -6 -3 -30
right_child=8 2 3 5 27 6 19 22 9 10 -12 -13 13 -15 21 16 -18 -19 -20 -21 -22 24 -24 -25 25 -27 -28 -29 29 -31
leaf_value=-0.25839102220270915 0.010514106100345099 1.6619259202664067 -2.9230864524772793 -0.24869191798572404 1.9167726791679838 -0.20526684746977267 27.659598614814179 1.3534574044864458 -2.6572603656460716 27.547820000818966 37.977264069187754 3.9701900749798105 0.53226388230031707 3.0614037086958468 2.2914359886238729 16.990729785296107 91.541105631371622 -0.34547961457252113 0.17594066672214562 -3.9513087363434694 -2.2415736212752244 0.33027780245529187 5.0153568404697184 1.6944734440311575 1.2708817257043021 17.87829669911228 4.4690678543668874 0.9630139893368368 1.5392612292503829 11.687693162497698
leaf_weight=14686305 1516069 6369 14123 421509 649933 9290642 1782 818760 6716 1250 1251 36574 382564 137798 168261 4104 142 1227387 3686908 420 84504 516855 22733 161203 624456 1078 23081 485563 3852 11479
leaf_count=14686305 1516069 6369 14123 421509 649933 9290642 1782 818760 6716 1250 1251 36574 382564 137798 168261 4104 142 1227387 3686908 420 84504 516855 22733 161203 624456 1078 23081 485563 3852 11479
internal_value=0 -0.117224 0.144527 0.1309 0.922038 -0.0100898 -0.143508 1.36104 1.08215 1.96157 8.94336 7.30674 0.484574 1.84925 1.75869 7.59371 29.9753 -0.210763 -0.149179 33.2773 -0.41498 1.60713 2.23444 2.03464 1.3246 1.99923 4.40439 2.32142 10.6825 14.0582
internal_weight=0 3.15735e+07 1.68027e+07 1.6781e+07 2.53821e+06 1.42428e+07 1.29798e+07 1.263e+06 3.4202e+06 1.38377e+06 39075 37824 2.03643e+06 520362 1.34469e+06 34043 4246 1.40271e+06 1.29776e+07 2202 1.47708e+07 1.31065e+06 841493 175326 1.14239e+06 625534 29797 1.1355e+06 21700 15331
internal_count=34993671 31573472 16802663 16780963 2538209 14242754 12979752 1263002 3420199 1383768 39075 37824 2036431 520362 1344693 34043 4246 1402713 12977550 2202 14770809 1310650 841493 175326 1142389 625534 29797 1135496 21700 15331
shrinkage=0.65


Tree=4
num_leaves=31
num_cat=0
split_feature=3 9 7 7 8 6 8 4 9 4 11 11 7 2 11 2 2 12 2 11 11 1 9 2 11 11 1 3 1 3
split_gain=2.27807e+06 3.02835e+06 1.70107e+06 2.12471e+06 2.51226e+06 1.51317e+06 1.30645e+06 1.18113e+06 943643 875221 1.74515e+06 2.28052e+07 2.34211e+08 1.55574e+09 3.08345e+06 2.18918e+07 1.54252e+08 815950 778066 724471 719164 680811 645436 680706 568826 567414 1.46193e+06 1.39137e+06 539189 1.1464e+06
threshold=40.805272500000008 21.270244892713205 7.5000000000000009 18.500000000000004 1.7263930419354112 5.5000000000000009 22.057179234339895 2010.5000000000002 21.031013589022578 2013.5000000000002 12.438391699267905 12.605696096817899 8.5000000000000018 -74.011972499999985 12.297200116331416 -74.011972499999985 -74.013635499999978 1.0000000180025095e-35 -73.968330191650395 6.6781997331919518 8.3790009409545387 40.784701000000005 22.432909117336273 -73.968330191650395 14.215731922868546 8.416493352041984 40.760352500000018 40.761897500000011 40.791208500000003 40.739144000000003
decision_type=10 2 2 2 10 2 10 2 2 2 2 2 2 10 2 10 10 2 10 2 2 2 2 10 2 2 2 10 2 10
left_child=2 6 19 4 8 9 18 -8 21 -6 14 12 13 -12 -11 16 -16 -9 -2 -1 -5 25 23 -3 -20 -4 27 -27 -7 -30
right_child=1 22 3 20 5 28 7 17 -10 10 11 -13 -14 -15 15 -17 -18 -19 24 -21 -22 -23 -24 -25 -26 26 -28 -29 29 -31
leaf_value=-0.88320151271729708 16.614458290867802 13.146143714638903 -0.1909427690426963 -0.46344253534904922 0.5038938596050474 -0.089852279880793501 -0.39024643301457396 31.312830410292985 -0.22685740757957124 1.0666539590093835 5142.5859924803781 0.44978156484785065 0.3031248342743898 0.29993951088951598 0.036814768166146816 0.51174908491708526 -1587.6936717792355 -4.409201975959868 2.5219896883864017 -0.24544345381356319 -0.083488087723674498 2.1243184133923805 -0.2347190145101464 0.98026340907959197 14.592419466291643 0.052514781770999247 1.7562070472208915 1.7079430768394601 6.6300748338099948 0.50005600254238547
leaf_weight=876573 1684 1958 1614476 3105664 4271241 1947107 1177 1678 5252555 1137293 29 22082 1896 174 187 1604 30 322 261607 5318953 6530270 73441 419020 255631 1660 3311546 260153 229368 15407 78885
leaf_count=876573 1684 1958 1614476 3105664 4271241 1947107 1177 1678 5252555 1137293 29 22082 1896 174 187 1604 30 322 261607 5318953 6530270 73441 419020 255631 1660 3311546 260153 229368 15407 78885
internal_value=0 1.53174 -0.0425004 0.0629164 0.263786 0.708918 4.37584 24.534 -0.0460192 0.984654 1.75362 10.1602 109.768 1130.63 1.57517 -39.5413 -337.639 39.3255 4.13413 -0.516425 -0.316842 0.243922 0.404674 1.65037 3.99707 0.20291 0.413866 0.245766 -0.0251378 2.31028
internal_weight=0 944737 3.40489e+07 2.78534e+07 1.82175e+07 7.47594e+06 268128 3177 1.07415e+07 5.43454e+06 1.1633e+06 24181 2099 203 1.13911e+06 1821 217 2000 264951 6.19553e+06 9.63593e+06 5.48898e+06 676609 257589 263267 5.41554e+06 3.80107e+06 3.54091e+06 2.0414e+06 94292
internal_count=34993671 944737 34048934 27853408 18217474 7475935 268128 3177 10741539 5434536 1163295 24181 2099 203 1139114 1821 217 2000 264951 6195526 9635934 5488984 676609 257589 263267 5415543 3801067 3540914 2041399 94292
shrinkage=0.65


Tree=5
num_leaves=31
num_cat=0
split_feature=3 1 1 2 3 1 9 3 9 2 1 3 3 8 9 1 2 8 8 10 10 3 11 0 4 6 9 10 2 11
split_gain=1.08249e+06 1.73078e+06 1.2663e+06 1.89238e+06 1.90786e+06 1.02732e+06 1.81888e+06 1.06492e+06 1.50339e+06 1.17145e+06 1.08872e+06 2.70203e+06 1.49561e+06 995403 980573 974612 939435 979156 896852 813352 788846 779816 739769 1.34969e+06 2.25137e+07 1.96534e+08 985578 673556 795195 644061
threshold=40.677558500000011 40.69447250000001 40.709453500000002 -74.024646999999987 40.715843500000013 40.795764500000011 21.540953939255441 40.789129500000008 21.361710003743873 -73.968330191650395 40.768081832519535 40.763622500000004 40.768257570556649 19.313480921620684 9.2414725992899047 40.753907500000004 -73.818167499999987 2.0136528614748399 19.313480921620684 16.568400273547677 26.661627312388479 40.634967500000009 8.1845871986293446 -73.96820550000001 2014.5000000000002 6.5000000000000009 20.793103480132206 24.114670536712811 -73.947479624023416 14.215731922868546
decision_type=10 2 2 8 8 2 2 10 2 10 2 8 10 8 2 2 10 10 10 2 2 8 2 2 2 2 2 2 8 2
left_child=1 20 3 14 -5 7 18 9 27 10 12 22 29 19 -2 -14 17 -6 -7 -3 -1 -21 -12 26 -25 -26 -24 28 -9 -4
right_child=2 13 5 4 16 6 -8 8 -10 -11 11 -13 15 -15 -16 -17 -18 -19 -20 21 -22 -23 23 24 25 -27 -28 -29 -30 -31
leaf_value=-1.493235646794878 23.130161154744954 1.3801121560026648 -0.13666193792645001 -0.71805459698089358 2.1625119872757108 2.4228120941272184 0.12148565738798986 1.7243889349316719 -0.020128320945152121 -0.32904837948961974 0.39917835764879367 -0.44467727898602272 1.2573096503085879 0.26927588630273092 6.3982359013339059 0.096323583282501402 5.9202656715542963 0.57507210398404141 -8.5731205174861103 7.0000324507751195 0.33468926145943234 2.6234033854885821 2.4006624992840182 0.76390537632123801 1.4918154573297606 1893.5506218004971 0.74720264596753083 4.6276378605484467 0.23685852415757344 -4.531655635186925
leaf_weight=161302 1767 279521 17424760 389745 204772 216113 709393 353592 1178932 6972469 1667595 1422083 537188 230131 9106 708301 15927 827880 3180 21231 261386 90603 187509 3813 215 26 811390 23545 266097 14099
leaf_count=161302 1767 279521 17424760 389745 204772 216113 709393 353592 1178932 6972469 1667595 1422083 537188 230131 9106 708301 15927 827880 3180 21231 261386 90603 187509 3813 215 26 811390 23545 266097 14099
internal_value=0 1.00288 -0.0308452 0.883757 0.784403 -0.0716275 0.965002 -0.10212 0.63997 -0.147574 -0.0377825 0.429359 -0.140105 2.06464 14.0267 0.918561 1.48656 1.36901 3.48209 3.03512 -0.558254 5.31428 1.02229 1.70095 19.9104 316.33 1.62705 1.86968 1.67021 -0.215716
internal_weight=0 1.04417e+06 3.39495e+07 1.4492e+06 1.43832e+06 3.25003e+07 928686 3.15716e+07 1.82217e+06 2.97494e+07 2.2777e+07 4.09263e+06 1.86843e+07 621486 10873 1.24549e+06 1.04858e+06 1.03265e+06 219293 391355 422688 111834 2.67055e+06 1.00295e+06 4054 241 998899 643234 619689 1.74389e+07
internal_count=34993671 1044174 33949497 1449197 1438324 32500300 928686 31571614 1822166 29749448 22776979 4092631 18684348 621486 10873 1245489 1048579 1032652 219293 391355 422688 111834 2670548 1002953 4054 241 998899 643234 619689 17438859
shrinkage=0.65


Tree=6
num_leaves=31
num_cat=0
split_feature=9 1 3 8 8 3 8 3 1 1 8 0 2 10 3 1 1 11 2 9 1 9 8 3 3 10 8 8 11 8
split_gain=694332 1.478e+06 1.12648e+06 1.06517e+06 768030 641294 564602 563351 1.66687e+06 790313 542005 734896 518254 1.2407e+06 494606 2.14979e+06 1.52214e+06 944805 555234 536998 4.08953e+06 4.81364e+07 1.36732e+08 488648 470973 460711 456499 1.01227e+06 2.05706e+06 646325
threshold=20.809078712264025 40.777662500000005 40.780620287475593 2.6902641534898311 12.119540184287873 40.751167500000008 24.851034636956292 40.720677500000008 40.728591459472661 40.717819000000013 24.851034636956292 -74.013508499999986 -74.003691499999988 19.662440520654197 40.753863500000008 40.739300500000006 40.755748374389654 9.1161540865732338 -73.976002500000007 18.622566172736331 40.756100500000009 18.392513494844149 2.1061250698514145 40.735072500000008 40.634967500000009 14.794897879990964 0.11411767007300715 1.0000000180025095e-35 11.977101086356797 0.031942148746995962
decision_type=2 2 8 8 10 8 10 8 2 2 8 2 8 2 10 2 2 2 10 2 2 2 10 10 10 2 8 10 2 10
left_child=1 2 3 7 24 12 -4 8 -1 23 25 -12 13 -6 16 18 -11 19 -16 20 21 -18 -23 -9 -5 -2 27 -27 -29 -30
right_child=10 -3 6 4 5 -7 -8 9 -10 14 11 -13 -14 -15 15 -17 17 -19 -20 -21 -22 22 -24 -25 -26 26 -28 28 29 -31
leaf_value=-0.03843667814206915 0.13067350957131124 1.0316917750466412 0.80944109879579207 1.3662044474061386 1.0906376345666431 0.74799877339363641 9.5500125816694172 0.2982195471148586 1.2939223369495794 -0.24197250235022397 6.8935491300157627 -2.6740195722587869 -0.39561519415771568 47.216403394780663 1.8860085642213127 -0.021403809167406525 0.28773257330332003 1.5210227102035105 0.51267089103600305 0.086243556099257976 1.5872687774570007 0.20862579271197318 2000.058761007823 1.7402799111755849 -0.3892191966254917 -0.1158315329431318 -0.15785397922510785 1.4827268537508682 19.023439307207983 0.93856503572541494
leaf_weight=1012508 3395806 679821 720214 65649 98332 549790 3136 214384 652313 4638928 3618 54289 635302 247 357580 2343781 781 335249 190718 710387 33052 52 20 184907 3944011 344322 13684059 135533 3813 1069
leaf_count=1012508 3395806 679821 720214 65649 98332 549790 3136 214384 652313 4638928 3618 54289 635302 247 357580 2343781 781 335249 190718 710387 33052 52 20 184907 3944011 344322 13684059 135533 3813 1069
internal_value=0 0.141876 0.0830085 0.027716 -0.339057 0.334155 1.30359 0.209591 0.744016 0.110841 -0.139852 -3.19422 -0.277614 1.85571 0.0470626 0.384078 -0.123381 0.94611 2.16663 0.318249 4.20628 72.5706 854.958 1.48619 -0.554582 -0.129783 -0.209069 0.744622 3.00755 23.1745
internal_weight=0 1.73712e+07 1.66913e+07 1.5968e+07 5.29333e+06 1.28367e+06 723350 1.06747e+07 1.66482e+06 9.00984e+06 1.76225e+07 57907 733881 98579 8.61055e+06 2.89208e+06 5.71847e+06 1.07954e+06 548298 744292 33905 853 72 399291 4.00966e+06 1.75646e+07 1.41688e+07 484737 140415 4882
internal_count=34993671 17371162 16691341 15967991 5293331 1283671 723350 10674660 1664821 9009839 17622509 57907 733881 98579 8610548 2892079 5718469 1079541 548298 744292 33905 853 72 399291 4009660 17564602 14168796 484737 140415 4882
shrinkage=0.65


Tree=7
num_leaves=31
num_cat=0
split_feature=5 4 4 8 4 4 8 3 1 8 8 2 0 0 2 8 9 4 11 6 1 1 9 6 11 11 2 10 8 11
split_gain=670962 986614 432615 505852 360647 901211 517556 331070 436115 465796 5.11811e+06 5.89871e+07 1.15572e+09 7.74882e+07 1.32004e+06 6.25849e+06 3.21164e+07 1.45702e+08 2.67669e+08 1.28474e+06 1.98132e+06 1.12031e+06 7.06685e+06 2.51885e+07 764852 345130 328063 299738 286032 485064
threshold=8.5000000000000018 2012.5000000000002 2011.5000000000002 2.6902641534898311 2011.5000000000002 2012.5000000000002 12.606744348958529 40.711244500000006 40.726301500000012 2.0867563991479265 2.0136528614748399 -74.011972499999985 -73.994512999999984 -73.995241500000006 -74.011972499999985 2.3571617122950568 19.915288349137501 2014.5000000000002 12.438391699267905 6.5000000000000009 40.720570500000008 40.725577500000014 21.233788294698702 2.5000000000000004 12.438391699267905 13.165923531750058 -74.024646999999987 31.255406361566276 1.3947547131299352 13.466862273116677
decision_type=2 2 2 10 2 2 8 10 2 8 10 10 2 2 8 10 2 2 2 2 2 2 2 2 2 2 10 2 8 2
left_child=1 2 -1 -4 -2 6 -6 8 9 10 -3 12 13 19 15 16 17 24 -19 -12 -21 -17 -23 -24 -11 -10 -9 28 -28 -30
right_child=4 7 3 -5 5 -7 -8 26 25 14 11 -13 -14 -15 -16 21 -18 18 -20 20 -22 22 23 -25 -26 -27 27 -29 29 -31
leaf_value=-0.10041175963871941 0.017462485225785689 0.18693075327984199 -0.20919835732196301 -0.7401431465231666 0.55392595143291978 0.063329454577446889 2.2701191525271125 3.674483699993857 0.92076440611285815 103.98053400317828 5.2738261742931503 0.52704659037250612 3662.8862537782447 -1017.3937218760417 -0.23138000646538676 -1.4348013650022229 0.66522785997005573 -2766.3932681772712 2.1789905918141206 -268.07152565591036 -0.2058447319242987 0.18313921594460675 -841.59806601166736 -5.901023861812428 1.8030624459783238 20.216243626086079 0.18091133808113263 4.2291326051899238 -0.049493297941014834 -9.1774188430979802
leaf_weight=10758758 5484457 207282 2748599 1046913 1734137 3525322 77563 10621 439157 39 226 4061 38 37 167419 13697 1031 25 36 20 28 459 20 64 150 392 4123309 7279 4640071 2461
leaf_count=10758758 5484457 207282 2748599 1046913 1734137 3525322 77563 10621 439157 39 226 4061 38 37 167419 13697 1031 25 36 20 28 459 20 64 150 392 4123309 7279 4640071 2461
internal_value=0 -0.0926487 -0.256882 -0.547151 0.206952 0.392013 0.965231 0.155876 0.757921 -0.00517238 1.00479 34.7152 429.23 -206.871 -1.17386 -9.99617 -76.9469 -398.497 -1742.28 -23.4436 -172.025 -3.97343 -48.5212 -315.195 35.2112 1.44303 0.0987009 0.0919766 0.0866502 -0.0835877
internal_weight=0 2.41722e+07 1.45543e+07 3.79551e+06 1.08215e+07 5.33702e+06 1.8117e+06 9.61792e+06 834181 394632 211692 4410 349 311 182940 15521 1281 250 61 274 48 14240 543 84 189 439549 8.78374e+06 8.77312e+06 8.76584e+06 4.64253e+06
internal_count=34993671 24172192 14554270 3795512 10821479 5337022 1811700 9617922 834181 394632 211692 4410 349 311 182940 15521 1281 250 61 274 48 14240 543 84 189 439549 8783741 8773120 8765841 4642532
shrinkage=0.65


Tree=8
num_leaves=31
num_cat=0
split_feature=6 7 7 6 10 11 1 4 7 3 8 2 10 8 1 8 2 11 2 7 0 4 5 0 8 1 3 11 3 1
split_gain=396503 372642 570277 748160 449488 461773 365535 300307 275968 232775 217270 1.6152e+06 1.77132e+07 1.3462e+08 188961 184780 279961 386542 271081 1.3749e+06 5.98863e+06 1.9885e+07 3.81793e+07 1.63635e+07 202772 175361 203898 194735 164339 244735
threshold=1.5000000000000002 8.5000000000000018 19.500000000000004 5.5000000000000009 18.361669069286052 10.659726609370155 40.781278500000006 2013.5000000000002 11.500000000000002 40.767975500000006 3.2358971067214686 -73.945693984863254 18.32156995534212 2.479131477189767 40.774370500000011 4.2934358182013552 -74.024646999999987 14.215731922868546 -74.024646999999987 7.5000000000000009 -73.998412499999986 2013.5000000000002 10.500000000000002 -74.005385499999988 4.8827187776479359 40.768909500000007 40.715843500000013 5.9497035684522332 40.729389500000018 40.739300500000006
decision_type=2 2 2 2 2 2 2 2 2 10 8 8 2 10 2 10 8 2 10 2 2 2 2 2 10 2 10 2 8 2
left_child=-1 15 3 4 5 6 7 10 -5 14 11 -3 -13 -14 -6 16 17 -2 19 -17 21 -21 23 -23 -20 27 -27 -26 29 -10
right_child=1 2 -4 8 9 -7 -8 -9 28 -11 -12 12 13 -15 -16 18 -18 -19 24 20 -22 22 -24 -25 25 26 -28 -29 -30 -31
leaf_value=-0.1804312383136481 7.4084426056486761 0.18553501779030457 -0.092100392799057518 -0.35224097877938748 0.07631661532804164 -0.01947472172127478 1.0177484431545594 0.58805814851023008 -0.05195031320727593 -0.15859876320295854 0.51400177186645346 -0.39350606813295541 1681.8372125715664 -0.61125245982628762 0.83685515721063231 -0.79329120740007064 -0.062050670936214941 0.34562476759653049 -0.85323436904665084 -4.8994286273236032 0.071617797329553812 2.7400230742515399 -1067.6577119384469 -502.71510561296816 -0.71175306632343893 1.5453345009984865 0.0036008050568263725 -0.053896164091450233 -0.056835189988089778 0.68695963134112614
leaf_weight=4486091 5023 4422649 6805230 1164533 484706 1658347 340627 1483585 424181 1674940 1124226 1874 23 159 192977 23788 5882709 9402 218388 458 2141 94 22 38 298249 48849 140441 524333 3233454 342134
leaf_count=4486091 5023 4422649 6805230 1164533 484706 1658347 340627 1483585 424181 1674940 1124226 1874 23 159 192977 23788 5882709 9402 218388 458 2141 94 22 38 298249 48849 140441 524333 3233454 342134
internal_value=0 0.0408187 0.101988 0.202198 0.345409 0.446824 0.554062 0.505059 -0.113493 -0.0439173 0.398208 0.298465 28.3206 326.163 0.450596 -0.158867 -0.0846732 4.31539 -0.506998 -3.66895 -24.8259 -112.061 -422.918 -219.646 -0.438784 -0.250177 0.617642 -0.449876 0.0112399 0.427613
internal_weight=0 3.05076e+07 2.33536e+07 1.65484e+07 1.13841e+07 9.03149e+06 7.37314e+06 7.03252e+06 5.1643e+06 2.35262e+06 5.54893e+06 4.4247e+06 2056 182 677683 7.15394e+06 5.89713e+06 14425 1.2568e+06 26541 2753 612 154 132 1.23026e+06 1.01187e+06 189290 822582 3.99977e+06 766315
internal_count=34993671 30507580 23353645 16548415 11384113 9031490 7373143 7032516 5164302 2352623 5548931 4424705 2056 182 677683 7153935 5897134 14425 1256801 26541 2753 612 154 132 1230260 1011872 189290 822582 3999769 766315
shrinkage=0.65


Tree=9
num_leaves=31
num_cat=0
split_feature=8 9 7 8 9 3 2 0 11 10 8 11 10 9 3 1 0 1 8 10 2 7 8 9 1 3 3 8 8 3
split_gain=267147 564266 628653 418297 382189 464573 648752 498712 406492 396822 344676 365105 379311 324574 929134 999087 452817 286485 269419 277108 380744 267011 263935 367054 783463 1.0885e+06 488794 554797 464328 368677
threshold=0.11411767007300715 1.2518297934358953 19.500000000000004 1.0000000180025095e-35 24.350194001485384 40.704294000000012 -74.024646999999987 -74.013508499999986 9.9395727002516931 31.255406361566276 0.41692070652621199 6.7686263573460481 13.848021227676066 22.634896171309467 40.783259000000008 40.78889250000001 -73.870624499999977 40.687994500000009 0.031942148746995962 26.661627312388479 -73.782222500000003 2.5000000000000004 0.79565366256344361 19.179436225034397 40.726800500000003 40.725178382446295 40.730718000000003 4.2934358182013552 21.045677433249473 40.747593500000008
decision_type=10 2 2 10 2 10 10 2 2 2 8 2 2 2 10 2 2 2 10 2 10 2 10 2 2 10 8 8 10 10
left_child=1 2 21 -3 -5 7 -7 9 -8 -6 -2 12 -12 14 15 22 -17 -14 19 -10 -21 -1 -13 24 26 -26 27 -24 -29 -27
right_child=10 3 -4 4 5 6 8 -9 18 -11 11 13 17 -15 -16 16 -18 -19 -20 20 -22 -23 23 -25 25 29 -28 28 -30 -31
leaf_value=-8.1410311162813862 -0.25588413859578146 -0.058682437035262804 -4.833719855031033 0.7502393884318751 12.484585834240692 -3.7942593086487162 0.78865145920175028 -8.1806955629357567 21.500497692675967 43.621086876238543 1.0287752239364016 0.14766797156546407 1.098632173869394 -0.28137355196165914 0.5396959774772323 0.96666703381683905 -6.6331717640191767 -0.22344514102910279 0.29342477180916504 0.47738861473775562 19.128038614947638 5.5594942622920023 0.054494333834655434 -0.061739850184884301 0.42603515772657297 2.0827344733012993 0.53380827519406049 -1.3569005345611411 0.19224298821682306 5.258296790410748
leaf_weight=622 2229532 527297 3154 255028 2462 4551 3244 476 1142 186 108783 4315721 70452 1300639 1548801 510903 3334 4056042 830 1054 824 17810 625801 17666168 852809 82686 379482 291191 113652 18995
leaf_count=622 2229532 527297 3154 255028 2462 4551 3244 476 1142 186 108783 4315721 70452 1300639 1548801 510903 3334 4056042 830 1054 824 17810 625801 17666168 852809 82686 379482 291191 113652 18995
internal_value=0 0.564517 5.60943 0.427897 1.44063 6.38646 3.48152 17.2149 9.45982 22.5718 -0.0135233 0.0130077 -0.260446 0.0548028 0.0788207 0.0320042 1.41138 -0.309036 16.4083 20.7938 13.3241 7.84179 0.00286966 -0.0454593 0.324545 1.02418 -0.149027 -0.506279 -1.41847 4.11686
internal_weight=0 818680 21586 797094 269797 14769 11645 3124 7094 2648 3.4175e+07 3.19455e+07 4.23528e+06 2.77102e+07 2.64095e+07 2.48607e+07 514237 4.12649e+06 3850 3020 1878 18432 2.43465e+07 2.00308e+07 2.36462e+06 954490 1.41013e+06 1.03064e+06 404843 101681
internal_count=34993671 818680 21586 797094 269797 14769 11645 3124 7094 2648 34174991 31945459 4235277 27710182 26409543 24860742 514237 4126494 3850 3020 1878 18432 24346505 20030784 2364616 954490 1410126 1030644 404843 101681
shrinkage=0.65


end of trees

feature importances:
distance=54
dropoff_latitude=47
pickup_latitude=40
dropoff_longitude=31
lga_dist=26
year=25
jfk_dist=25
ewr_dist=15
hour=12
pickup_longitude=10
weekday=6
invalid=5
month=4

parameters:
[boosting: gbdt]
[objective: regression]
[metric: rmse]
[tree_learner: serial]
[device_type: cpu]
[data: ]
[valid: ]
[num_iterations: 100]
[learning_rate: 0.65]
[num_leaves: 31]
[num_threads: 0]
[max_depth: -1]
[min_data_in_leaf: 20]
[min_sum_hessian_in_leaf: 0.001]
[bagging_fraction: 1]
[pos_bagging_fraction: 1]
[neg_bagging_fraction: 1]
[bagging_freq: 0]
[bagging_seed: 3]
[feature_fraction: 1]
[feature_fraction_bynode: 1]
[feature_fraction_seed: 2]
[early_stopping_round: 0]
[first_metric_only: 0]
[max_delta_step: 0]
[lambda_l1: 0]
[lambda_l2: 0]
[min_gain_to_split: 0]
[drop_rate: 0.1]
[max_drop: 50]
[skip_drop: 0.5]
[xgboost_dart_mode: 0]
[uniform_drop: 0]
[drop_seed: 4]
[top_rate: 0.2]
[other_rate: 0.1]
[min_data_per_group: 100]
[max_cat_threshold: 32]
[cat_l2: 10]
[cat_smooth: 10]
[max_cat_to_onehot: 4]
[top_k: 20]
[monotone_constraints: ]
[feature_contri: ]
[forcedsplits_filename: ]
[forcedbins_filename: ]
[refit_decay_rate: 0.9]
[cegb_tradeoff: 1]
[cegb_penalty_split: 0]
[cegb_penalty_feature_lazy: ]
[cegb_penalty_feature_coupled: ]
[verbosity: -1]
[max_bin: 255]
[max_bin_by_feature: ]
[min_data_in_bin: 3]
[bin_construct_sample_cnt: 200000]
[histogram_pool_size: -1]
[data_random_seed: 1]
[output_model: LightGBM_model.txt]
[snapshot_freq: -1]
[input_model: ]
[output_result: LightGBM_predict_result.txt]
[initscore_filename: ]
[valid_data_initscores: ]
[pre_partition: 0]
[enable_bundle: 1]
[max_conflict_rate: 0]
[is_enable_sparse: 1]
[sparse_threshold: 0.8]
[use_missing: 1]
[zero_as_missing: 0]
[two_round: 0]
[save_binary: 0]
[header: 0]
[label_column: ]
[weight_column: ]
[group_column: ]
[ignore_column: ]
[categorical_feature: ]
[predict_raw_score: 0]
[predict_leaf_index: 0]
[predict_contrib: 0]
[num_iteration_predict: -1]
[pred_early_stop: 0]
[pred_early_stop_freq: 10]
[pred_early_stop_margin: 10]
[convert_model_language: ]
[convert_model: gbdt_prediction.cpp]
[num_class: 1]
[is_unbalance: 0]
[scale_pos_weight: 1]
[sigmoid: 1]
[boost_from_average: 1]
[reg_sqrt: 0]
[alpha: 0.9]
[fair_c: 1]
[poisson_max_delta_step: 0.7]
[tweedie_variance_power: 1.5]
[max_position: 20]
[lambdamart_norm: 1]
[label_gain: ]
[metric_freq: 1]
[is_provide_training_metric: 0]
[eval_at: ]
[multi_error_top_k: 1]
[num_machines: 1]
[local_listen_port: 12400]
[time_out: 120]
[machine_list_filename: ]
[machines: ]
[gpu_platform_id: -1]
[gpu_device_id: -1]
[gpu_use_dp: 0]

end of parameters

pandas_categorical:[]
