tree
version=v3
num_class=1
num_tree_per_iteration=1
label_index=0
max_feature_idx=12
objective=regression
feature_names=pickup_longitude pickup_latitude dropoff_longitude dropoff_latitude year month weekday hour distance jfk_dist ewr_dist lga_dist invalid
feature_infos=[-736.53333199999997:2116.7886880000001] [-74.016594999999995:2892.8564530000008] [-1183.3521119999998:2116.7886880000001] [-74.016266999999999:2892.8564530000008] [2009:2015] [1:12] [1:7] [0:23] [0:11126.807988946486] [0.24754421054795084:15065.680177487327] [0.69106306429066899:15082.935844708561] [0.29112002105244361:15082.788580472536] [0:2]
tree_sizes=3216 3253 3246

Tree=0
num_leaves=31
num_cat=0
split_feature=8 8 8 12 3 8 8 2 8 3 3 11 4 4 8 1 4 2 4 4 8 8 1 8 8 9 10 11 4 4
split_gain=1.56496e+09 2.70057e+08 1.52549e+08 8.62496e+07 4.30365e+07 3.79089e+07 3.55158e+07 2.85788e+07 1.61847e+07 1.59598e+07 1.47768e+07 1.47568e+07 1.16589e+07 1.12087e+07 1.06783e+07 8.57521e+06 7.45986e+06 7.22649e+06 6.5966e+06 6.42199e+06 6.22919e+06 8.01406e+06 6.13843e+06 5.14464e+06 8.54122e+06 4.93729e+06 3.6987e+06 3.63932e+06 3.57507e+06 3.39115e+06
threshold=7.8489274733618979 2.7405336690095505 16.434820659823881 1.0000000180025095e-35 40.702300512695324 4.4061743123315127 1.3911267362585058 -74.027121999999977 10.969598739464189 40.647622500000004 40.6980892998047 14.210214838316269 2012.5000000000002 2012.5000000000002 0.035784992506106277 40.721835500000005 2012.5000000000002 -74.027121999999977 2012.5000000000002 2012.5000000000002 0.035784992506106277 0.79379440218690456 40.736761500000007 0.035784992506106277 1.0000000180025095e-35 9.0953420303595625 12.847812330583446 14.210214838316269 2012.5000000000002 2012.5000000000002
decision_type=10 8 10 2 10 10 10 10 10 10 8 2 2 2 10 2 2 10 2 2 10 10 2 10 10 2 2 2 2 2
left_child=1 4 8 7 14 10 11 28 29 -7 22 20 25 -10 26 -16 -12 -11 -19 -8 -6 -22 -3 24 -13 -9 -1 -5 -4 -2
right_child=2 5 3 27 6 9 19 12 13 17 16 23 -14 -15 15 -17 -18 18 -20 -21 21 -23 -24 -25 -26 -27 -28 -29 -30 -31
leaf_value=37.37524799474452 19.636694380882155 14.569208647497657 46.708995518351095 13.165500418251668 10.885473316898617 26.052551678697881 9.681242628878044 34.370399272565372 23.597453261952015 33.35007771338438 11.869693489834111 18.934386486767721 38.959057974327891 28.157728949769513 10.370051598360662 15.46491850191396 13.620329443477832 14.796802737669324 17.176319259867807 10.778091793399515 7.9040942070308287 8.8578290211754229 20.572662273817222 11.380907454148371 45.239700861668375 27.01718738760998 17.434122350253308 26.551479689597702 57.296929027952984 22.962177365049065
leaf_weight=4002 326023 157645 31012 71852 436899 66083 6054885 346158 572421 9858 2769921 17960 296665 378156 336087 238708 1635709 1283074 798604 3593944 7226106 7677184 132388 15000 7349 43419 217995 9745 23825 214994
leaf_count=4002 326023 157645 31012 71852 436899 66083 6054885 346158 572421 9858 2769921 17960 296665 378156 336087 238708 1635709 1283074 798604 3593944 7226106 7677184 132388 15000 7349 43419 217995 9745 23825 214994
internal_value=0 -1.77962 25.1297 36.0619 -3.26047 3.80085 -3.49079 39.4595 19.1001 7.27048 2.20659 -4.43428 37.704 21.5852 3.97457 1.6995 1.75143 6.78704 6.65913 -1.98684 -4.48449 -4.5936 9.12046 14.6742 23.3715 34.1071 9.86519 5.20451 61.4275 14.7338
internal_weight=0 3.26794e+07 2.31427e+06 822676 2.58261e+07 6.85328e+06 2.50293e+07 741079 1.49159e+06 2.15762e+06 4.69566e+06 1.53805e+07 686242 950577 796792 574795 4.40563e+06 2.09154e+06 2.08168e+06 9.64883e+06 1.53402e+07 1.49033e+07 290033 40309 25309 389577 221997 81597 54837 541017
internal_count=34993671 32679401 2314270 822676 25826119 6853282 25029327 741079 1491594 2157619 4695663 15380498 686242 950577 796792 574795 4405630 2091536 2081678 9648829 15340189 14903290 290033 40309 25309 389577 221997 81597 54837 541017
shrinkage=1


Tree=1
num_leaves=31
num_cat=0
split_feature=8 8 9 2 3 1 1 10 11 3 3 3 2 1 2 8 9 9 3 3 9 1 3 4 3 3 4 4 1 3
split_gain=2.02572e+08 3.24087e+07 2.99717e+07 1.46674e+07 8.921e+06 1.07484e+07 9.03159e+06 7.88476e+06 7.53381e+06 6.51748e+06 5.74659e+06 5.1985e+06 4.30636e+06 3.7229e+06 3.71706e+06 3.56943e+06 3.51298e+06 3.11154e+06 3.06917e+06 2.96765e+06 2.937e+06 2.85217e+06 4.00199e+06 2.77006e+06 2.67095e+06 2.12205e+06 1.8302e+06 1.79433e+06 1.6951e+06 2.31369e+06
threshold=5.9494250809527314 2.1069764716892121 9.0953420303595625 -74.027121999999977 40.723090500000005 40.722691000000005 40.747905500000009 26.653182387411047 1.3673578149930472 40.856547500000005 40.817447000000008 40.817447000000008 -74.027121999999977 40.693711163574228 -74.016145999999978 19.21333007592548 19.983545417231991 18.56733745184123 40.671697500000008 40.856547500000005 21.900937808119249 40.747632500000009 40.747581000000004 2012.5000000000002 40.774792500000011 40.728432500000004 2011.5000000000002 2011.5000000000002 40.79099750000001 40.755866500000003
decision_type=10 8 2 10 10 2 2 2 2 10 10 10 8 2 10 10 2 2 8 10 2 2 10 2 10 10 2 2 2 10
left_child=1 7 9 -4 6 13 18 12 19 15 -10 14 -1 -6 -7 24 21 -8 -3 26 -13 22 -14 -18 -2 -23 -5 -17 -16 -30
right_child=2 4 3 8 5 11 17 -9 10 -11 -12 20 16 -15 28 27 23 -19 -20 -21 -22 25 -24 -25 -26 -27 -28 -29 29 -31
leaf_value=6.4108199280953659 5.0540818596087718 3.1396278934135196 12.995798913032679 3.8982151832194791 6.5792928668062949 12.1809485484101 5.5840901935459542 2.351799601649633 1.9256759436044641 27.854452998452714 5.8011662176112493 5.990097535355547 -0.97031032690196706 1.8517898338923537 -0.27751067298520782 7.907071145467726 -1.2514492240250161 2.6453095896625998 -0.0054404234140900242 23.158693176445237 1.0359896454320852 2.8556789791551171 1.5867374274407529 -0.7435342388945142 12.294035283387398 0.052835563136383629 5.6911764637936448 10.321325588926042 3.5757917006182303 0.010642987826983837
leaf_weight=33456 157564 154139 73178 427932 76355 10259 196100 308373 1007091 7450 192562 87331 1688970 899262 6345641 215315 12173806 680247 876898 3778 120075 192913 305350 7231499 24936 279443 549293 328509 115411 230535
leaf_count=33456 157564 154139 73178 427932 76355 10259 196100 308373 1007091 7450 192562 87331 1688970 899262 6345641 215315 12173806 680247 876898 3778 120075 192913 305350 7231499 24936 279443 549293 328509 115411 230535
internal_value=0 -0.735091 7.87499 6.06775 0.78051 0.311062 2.72114 -1.4032 5.60043 13.426 3.91961 -0.127669 -1.47388 3.41812 -0.280263 13.1242 -1.49122 5.08142 0.714991 7.65588 4.80305 -0.367142 -0.890463 -1.63411 9.29741 1.84236 7.54774 14.4084 -0.309423 1.84617
internal_weight=0 3.20061e+07 2.98761e+06 2.25383e+06 9.79225e+06 7.88487e+06 1.90738e+06 2.22138e+07 2.18066e+06 733774 1.19965e+06 6.90925e+06 2.19054e+07 975617 6.70185e+06 726324 2.1872e+07 876347 1.03104e+06 981003 207406 2.46668e+06 1.99432e+06 1.94053e+07 182500 472356 977225 543824 6.69159e+06 345946
internal_count=34993671 32006063 2987608 2253834 9792253 7884869 1907384 22213810 2180656 733774 1199653 6909252 21905437 975617 6701846 726324 21871981 876347 1031037 981003 207406 2466676 1994320 19405305 182500 472356 977225 543824 6691587 345946
shrinkage=0.65


Tree=2
num_leaves=31
num_cat=0
split_feature=8 8 11 8 12 9 4 2 4 3 1 10 8 4 8 10 9 1 3 1 11 10 2 7 9 3 3 4 8 3
split_gain=2.61946e+07 7.81131e+06 2.92008e+06 2.82749e+06 2.74029e+06 2.60152e+06 2.60254e+06 2.87184e+06 2.54481e+06 2.11632e+06 2.10216e+06 1.93064e+06 3.04982e+06 2.31677e+06 1.92575e+06 1.52304e+06 1.84472e+06 2.73938e+06 2.43216e+06 1.83214e+06 1.43778e+06 1.69035e+06 1.41855e+06 1.348e+06 1.2426e+06 1.07206e+06 1.40236e+06 1.07141e+06 1.72216e+06 2.05691e+06
threshold=9.3564398957995021 3.4531544320652827 7.5071738239011232 13.783451592255917 1.0000000180025095e-35 1.2458317158521248 2011.5000000000002 -74.027121999999977 2011.5000000000002 40.662575000000011 40.702461621337896 23.855485943346373 20.971829240087445 2010.5000000000002 1.8069498248835576 31.386796949907467 21.883204259339447 40.777017500000007 40.776427500000018 40.7749475600586 12.104325509943477 15.824356403025533 -74.027121999999977 7.5000000000000009 19.293504020534073 40.644121500000018 40.752275500000003 2010.5000000000002 24.755328742396159 40.793864500000005
decision_type=10 8 2 10 2 2 2 8 2 8 2 2 10 2 10 2 2 2 10 2 2 2 8 2 2 8 10 2 10 10
left_child=1 2 -1 25 11 -4 -7 -8 -3 10 -10 20 -13 -14 15 16 17 18 -9 -17 27 -22 -11 -24 -16 -2 -27 -5 -29 -30
right_child=3 8 5 4 -6 6 7 14 9 22 -12 12 13 -15 24 19 -18 -19 -20 -21 21 -23 23 -25 -26 26 -28 28 29 -31
leaf_value=-0.71792383126403092 7.1819917419461543 0.11967998633728902 4.518921782060672 2.2299125217813365 -0.64627828411053956 -0.41065358279603559 9.4173393283026989 -0.17570130247827845 -2.8330009276951778 9.6721268146259582 5.9848556988368147 5.5373580408892797 6.6095703399409196 38.167571516736785 1.5380794838309308 1.8849111632491364 -0.83267472855114999 2.2739798416989458 1.9898969092325172 20.066974006756627 2.7966662730289906 -2.1650525135242571 0.17282480128247768 1.2663255314037591 0.29085551121841219 0.089305173760323278 1.856380904072066 3.7056953144335663 8.6716019970765821 38.165543496034232
leaf_weight=4980399 13516 2046227 49888 229044 81941 10974800 13735 6996309 13880 7927 64518 16184 1649 2433 379998 104883 1491615 209938 226194 2395 85456 43918 659642 1713660 3017554 265727 663608 622075 13479 1079
leaf_count=4980399 13516 2046227 49888 229044 81941 10974800 13735 6996309 13880 7927 64518 16184 1649 2433 379998 104883 1491615 209938 226194 2395 85456 43918 659642 1713660 3017554 265727 663608 622075 13479 1079
internal_value=0 -0.215271 -0.409037 3.47725 4.56854 -0.261441 -0.276809 0.0362833 1.00807 1.69352 6.80569 5.01748 14.6799 39.1064 0.0203127 -0.221117 -0.266142 -0.0624628 -0.165968 3.52435 4.82069 1.71128 1.52521 1.48061 0.662078 2.20724 2.07864 5.28539 5.95268 16.704
internal_weight=0 3.29536e+07 2.84477e+07 2.04011e+06 1.09726e+06 2.34673e+07 2.34174e+07 1.24426e+07 4.50585e+06 2.45963e+06 78398 1.01532e+06 20266 4082 1.24289e+07 9.03133e+06 8.92406e+06 7.43244e+06 7.2225e+06 107278 995051 129374 2.38123e+06 2.3733e+06 3.39755e+06 942851 929335 865677 636633 14558
internal_count=34993671 32953562 28447708 2040109 1097258 23467309 23417421 12442621 4505854 2459627 78398 1015317 20266 4082 12428886 9031334 8924056 7432441 7222503 107278 995051 129374 2381229 2373302 3397552 942851 929335 865677 636633 14558
shrinkage=0.65


end of trees

feature importances:
distance=20
dropoff_latitude=18
year=14
pickup_latitude=10
jfk_dist=8
dropoff_longitude=7
ewr_dist=5
lga_dist=5
invalid=2
hour=1

parameters:
[boosting: gbdt]
[objective: regression]
[metric: rmse]
[tree_learner: serial]
[device_type: cpu]
[data: ]
[valid: ]
[num_iterations: 100]
[learning_rate: 0.65]
[num_leaves: 31]
[num_threads: 0]
[max_depth: -1]
[min_data_in_leaf: 20]
[min_sum_hessian_in_leaf: 0.001]
[bagging_fraction: 1]
[pos_bagging_fraction: 1]
[neg_bagging_fraction: 1]
[bagging_freq: 0]
[bagging_seed: 3]
[feature_fraction: 1]
[feature_fraction_bynode: 1]
[feature_fraction_seed: 2]
[early_stopping_round: 0]
[first_metric_only: 0]
[max_delta_step: 0]
[lambda_l1: 0]
[lambda_l2: 0]
[min_gain_to_split: 0]
[drop_rate: 0.1]
[max_drop: 50]
[skip_drop: 0.5]
[xgboost_dart_mode: 0]
[uniform_drop: 0]
[drop_seed: 4]
[top_rate: 0.2]
[other_rate: 0.1]
[min_data_per_group: 100]
[max_cat_threshold: 32]
[cat_l2: 10]
[cat_smooth: 10]
[max_cat_to_onehot: 4]
[top_k: 20]
[monotone_constraints: ]
[feature_contri: ]
[forcedsplits_filename: ]
[forcedbins_filename: ]
[refit_decay_rate: 0.9]
[cegb_tradeoff: 1]
[cegb_penalty_split: 0]
[cegb_penalty_feature_lazy: ]
[cegb_penalty_feature_coupled: ]
[verbosity: -1]
[max_bin: 255]
[max_bin_by_feature: ]
[min_data_in_bin: 3]
[bin_construct_sample_cnt: 200000]
[histogram_pool_size: -1]
[data_random_seed: 1]
[output_model: LightGBM_model.txt]
[snapshot_freq: -1]
[input_model: ]
[output_result: LightGBM_predict_result.txt]
[initscore_filename: ]
[valid_data_initscores: ]
[pre_partition: 0]
[enable_bundle: 1]
[max_conflict_rate: 0]
[is_enable_sparse: 1]
[sparse_threshold: 0.8]
[use_missing: 1]
[zero_as_missing: 0]
[two_round: 0]
[save_binary: 0]
[header: 0]
[label_column: ]
[weight_column: ]
[group_column: ]
[ignore_column: ]
[categorical_feature: ]
[predict_raw_score: 0]
[predict_leaf_index: 0]
[predict_contrib: 0]
[num_iteration_predict: -1]
[pred_early_stop: 0]
[pred_early_stop_freq: 10]
[pred_early_stop_margin: 10]
[convert_model_language: ]
[convert_model: gbdt_prediction.cpp]
[num_class: 1]
[is_unbalance: 0]
[scale_pos_weight: 1]
[sigmoid: 1]
[boost_from_average: 1]
[reg_sqrt: 0]
[alpha: 0.9]
[fair_c: 1]
[poisson_max_delta_step: 0.7]
[tweedie_variance_power: 1.5]
[max_position: 20]
[lambdamart_norm: 1]
[label_gain: ]
[metric_freq: 1]
[is_provide_training_metric: 0]
[eval_at: ]
[multi_error_top_k: 1]
[num_machines: 1]
[local_listen_port: 12400]
[time_out: 120]
[machine_list_filename: ]
[machines: ]
[gpu_platform_id: -1]
[gpu_device_id: -1]
[gpu_use_dp: 0]

end of parameters

pandas_categorical:[]
