tree
version=v3
num_class=1
num_tree_per_iteration=1
label_index=0
max_feature_idx=12
objective=regression
feature_names=pickup_longitude pickup_latitude dropoff_longitude dropoff_latitude year month weekday hour distance jfk_dist ewr_dist lga_dist invalid
feature_infos=[-736.58333300000004:2859.2110630000002] [-3413.9826079999998:404.69999999999999] [-751.51666699999998:366.41146800000001] [-370.31165700000003:2934.7740429999999] [2009:2015] [1:12] [1:7] [0:23] [0:18021.601414964647] [0.20691750053883221:15065.739005868956] [0.68551111046070012:15082.993408487715] [0.14533013214864857:15082.847325354845] [0:2]
tree_sizes=3215 3212 3309

Tree=0
num_leaves=31
num_cat=0
split_feature=8 8 8 12 11 8 8 2 8 3 9 3 8 4 4 8 9 2 4 4 8 8 1 4 9 4 4 11 0 3
split_gain=1.56579e+09 2.69186e+08 1.5284e+08 8.82627e+07 4.27517e+07 4.20345e+07 3.86566e+07 2.71921e+07 1.7156e+07 1.6315e+07 1.55802e+07 1.45516e+07 1.20806e+07 1.13775e+07 1.11792e+07 1.10885e+07 8.03128e+06 7.67892e+06 7.51265e+06 6.86717e+06 6.34252e+06 8.553e+06 5.91977e+06 5.65604e+06 4.66813e+06 3.62934e+06 3.51496e+06 3.46772e+06 3.12333e+06 2.80913e+06
threshold=7.8118003534841511 2.7051965056180882 16.847064241876762 1.0000000180025095e-35 14.201191710810393 1.4066098247045433 4.3212790357948023 -74.024894499999974 11.040816387989802 40.648721000000002 19.298529283532734 40.698410500000008 0.025064383662136005 2012.5000000000002 2012.5000000000002 1.0000000180025095e-35 21.771529833237523 -74.024894499999974 2012.5000000000002 2012.5000000000002 0.025064383662136005 0.8255139058170976 40.738766358276372 2012.5000000000002 8.0933220683704494 2012.5000000000002 2012.5000000000002 14.201191710810393 -74.016315500000005 40.817879768920911
decision_type=10 8 10 2 2 10 8 10 10 8 2 8 10 2 2 10 2 8 2 2 10 10 2 2 2 2 2 2 2 10
left_child=1 4 8 7 5 20 11 26 25 -8 -7 22 15 -10 24 -6 -17 -11 -13 29 28 -22 -3 -12 -9 -2 -4 -5 -1 -19
right_child=2 6 3 27 12 10 9 14 13 17 23 18 -14 -15 -16 16 -18 19 -20 -21 21 -23 -24 -25 -26 -27 -28 -29 -30 -31
leaf_value=26.738229039099746 19.658190444793064 14.61702083133077 46.579899781986001 13.20879690005285 17.572288524785392 13.225659857872492 25.844218007291587 34.552446832817893 23.706455483073572 33.376825724208445 9.596394717789936 11.792995900753612 10.791286553178805 28.29113448707162 39.127511632246851 23.494089949740641 48.097789454569238 14.416801783562141 13.544016804151054 17.055324557888259 7.9471558491304251 8.9208784838554696 20.56067084544793 10.664881179265013 27.18360896795491 23.033422336882552 57.06021400657788 26.326497629523246 10.763800281562897 17.812139912026609
leaf_weight=5235 337868 162173 31284 72523 208661 677661 68837 337749 574819 10315 5634645 2790798 107893 379798 289237 15882 8663 1248836 1645691 845553 7743785 7505194 125655 3330290 40699 223731 23812 9647 424536 112201
leaf_count=5235 337868 162173 31284 72523 208661 677661 68837 337749 574819 10315 5634645 2790798 107893 379798 289237 15882 8663 1248836 1645691 845553 7743785 7505194 125655 3330290 40699 223731 23812 9647 424536 112201
internal_value=0 -1.78293 25.0963 36.2331 -3.28312 -3.43292 3.70898 39.7638 19.1838 7.08501 -1.79 2.07557 7.83755 21.7639 38.0018 11.8855 31.9905 6.61423 1.62854 6.48699 -4.44334 -4.55012 8.96588 -2.13948 34.4246 14.7982 61.116 5.17674 -0.654757 5.09651
internal_weight=0 3.26725e+07 2.32117e+06 804951 2.56624e+07 2.53213e+07 7.01006e+06 722781 1.51622e+06 2.28574e+06 9.6426e+06 4.72432e+06 341099 954617 667685 233206 24545 2.2169e+06 4.43649e+06 2.20659e+06 1.56788e+07 1.5249e+07 287828 8.96494e+06 378448 561599 55096 82170 429771 1.36104e+06
internal_count=34993671 32672504 2321167 804951 25662445 25321346 7010059 722781 1516216 2285742 9642596 4724317 341099 954617 667685 233206 24545 2216905 4436489 2206590 15678750 15248979 287828 8964935 378448 561599 55096 82170 429771 1361037
shrinkage=1


Tree=1
num_leaves=31
num_cat=0
split_feature=8 8 9 2 3 1 1 11 10 3 3 3 2 4 2 3 9 3 1 3 8 3 1 3 3 4 0 4 1 10
split_gain=2.01954e+08 3.24403e+07 2.95868e+07 1.49853e+07 9.06665e+06 1.02706e+07 1.00559e+07 7.24491e+06 7.1954e+06 6.60764e+06 4.28672e+06 4.16962e+06 3.71027e+06 3.6047e+06 3.47357e+06 3.33366e+06 3.30077e+06 3.11398e+06 2.9864e+06 2.68062e+06 2.57005e+06 2.40235e+06 2.3585e+06 3.12846e+06 1.58961e+07 3.47333e+08 7.83015e+08 1.92817e+06 1.7832e+06 1.78262e+06
threshold=6.1501782122524178 2.116022028970248 8.0933220683704494 -74.024894499999974 40.723346000000006 40.723107500000005 40.745105371704106 1.399544049002025 26.660299528283748 40.856287000000002 40.803512786621106 40.807552500000014 -74.024894499999974 2012.5000000000002 -74.016068499999989 40.687505500000007 21.856185666386882 40.672473000000018 40.693533000000009 40.856287000000002 19.553979249870544 40.774912000000008 40.791124000000003 40.739005500000012 40.738664500000013 2014.5000000000002 -73.965440999999998 2011.5000000000002 40.693533000000009 17.277262129824454
decision_type=10 8 2 10 8 2 2 2 2 10 8 10 10 2 8 10 2 10 2 10 10 10 2 8 10 2 2 2 2 2
left_child=1 8 9 -4 6 18 17 19 12 20 -9 14 -1 -14 -7 -8 -13 28 -6 27 21 -2 29 24 -24 -26 -27 -5 -3 -16
right_child=2 4 3 7 5 11 15 10 -10 -11 -12 16 13 -15 22 -17 -18 -19 -20 -21 -22 -23 23 -25 25 26 -28 -29 -30 -31
leaf_value=5.7215824843841139 5.5794489498520088 -0.79304860998832161 13.176986183584614 3.8727857861348891 6.0707262506802913 11.694083663399319 6.0961993638824481 1.9013656385219617 2.2237796125768794 28.119510644663237 5.1691873401920185 4.5499858727168823 -1.1588436122935082 -0.61393028542079675 -0.082749447585685407 2.7445506593736129 0.40831081096498295 -0.20553942449197923 1.8256862131409024 22.779006622885142 9.3761417587205766 12.091654796594563 4.4744418981409098 0.76543264575855574 3.6032711079325455 4926.565176899433 3.6843144338621308 5.6943720041615169 4.2312012840863193 -0.85700271115224125
leaf_weight=35215 158191 40042 72924 437155 75711 10372 147992 875078 306988 7432 210378 141296 13759022 8177520 4461383 820619 191468 820931 931205 3554 522415 28200 36125 294969 1295 20 43 560034 117211 1748883
leaf_count=35215 158191 40042 72924 437155 75711 10372 147992 875078 306988 7432 210378 141296 13759022 8177520 4461383 820619 191468 820931 931205 3554 522415 28200 36125 294969 1295 20 43 560034 117211 1748883
internal_value=0 -0.718788 8.029 6.18146 0.79346 0.316721 2.72627 5.68891 -1.38668 13.5985 3.89957 -0.119495 -1.45386 -1.47032 -0.294848 5.01022 3.33372 0.464683 3.29981 7.62973 13.2874 10.0996 -0.323836 2.27112 10.8765 117.091 2410.01 7.53202 4.54132 -0.462751
internal_weight=0 3.21183e+07 2.87536e+06 2.15912e+06 9.83956e+06 7.89277e+06 1.9468e+06 2.0862e+06 2.22787e+07 716238 1.08546e+06 6.88585e+06 2.19718e+07 2.19365e+07 6.55309e+06 968611 332764 978184 1.00692e+06 1.00074e+06 708806 186391 6.54272e+06 332452 37483 1358 63 997189 157253 6.21027e+06
internal_count=34993671 32118310 2875361 2159123 9839565 7892770 1946795 2086199 22278745 716238 1085456 6885854 21971757 21936542 6553090 968611 332764 978184 1006916 1000743 708806 186391 6542718 332452 37483 1358 63 997189 157253 6210266
shrinkage=0.65


Tree=2
num_leaves=31
num_cat=0
split_feature=8 8 9 3 1 3 8 3 12 4 8 3 9 10 3 7 8 9 11 1 3 1 7 7 4 2 10 2 7 3
split_gain=2.67452e+07 6.31366e+06 5.21631e+06 3.54815e+06 3.43315e+06 4.31496e+06 3.38387e+06 3.11162e+06 2.6774e+06 2.91987e+06 2.66426e+06 5.87315e+06 2.22068e+06 2.19561e+06 2.00563e+06 1.92569e+06 1.88313e+06 2.22663e+06 2.29519e+06 4.61758e+06 4.54566e+06 1.86985e+06 1.59221e+06 1.53218e+06 1.44367e+06 1.38425e+06 1.35555e+06 1.35362e+06 1.10184e+06 1.06093e+06
threshold=5.3377936885077206 13.246894698425733 19.952803128615706 40.782339500000013 40.735903500000006 40.744508500000009 1.7791111745884611 40.726709500000005 1.0000000180025095e-35 2011.5000000000002 24.93054833733056 40.78180050000001 1.2374655202409328 14.087972121053797 40.672473000000018 6.5000000000000009 0.10543662057646529 22.117213419514972 7.7230042759597621 40.773823500000006 40.773572500000007 40.735063500000003 7.5000000000000009 18.500000000000004 2012.5000000000002 -74.024894499999974 22.733849893698906 -74.024894499999974 18.500000000000004 40.799518500000005
decision_type=10 8 2 8 2 10 8 10 2 2 10 10 2 2 10 2 10 2 2 2 10 2 2 2 2 10 2 10 2 10
left_child=2 14 3 4 5 12 16 24 9 -3 -11 26 -1 27 21 -16 25 18 29 20 -20 -2 -15 -24 -6 -4 -12 -8 -17 -18
right_child=1 8 6 -5 7 -7 13 -9 -10 10 11 -13 -14 22 15 28 17 -19 19 -21 -22 -23 23 -25 -26 -27 -28 -29 -30 -31
leaf_value=3.4617763968941717 0.3917869938799865 1.9410501171264818 5.6873816658833185 4.985106112070298 1.3884459578435955 1.8964766046294583 6.7871449585775583 0.22491660318072809 -0.65204373941649585 3.7797728713687593 6.7888303795735139 43.372982941997947 -0.54181709509406528 -0.72597879843105584 -0.09940498641875628 1.7443102643777202 -1.0240483828092104 -1.1531182196333463 -0.46581367657647094 1.5975864497251131 1.4605302998122884 6.1047188857788228 0.25220104645905683 -0.38194403510529373 3.2020228703039395 0.45718254107855172 34.690885935337967 0.71325577418293307 0.60429644244885206 1.1644417349569982
leaf_weight=60275 39570 470591 22148 73195 476497 403192 15682 726625 82674 634462 26082 2087 2027259 1446097 558306 944524 2684200 1944143 11303373 522097 542389 62340 4461545 2518413 303611 616495 757 1351043 577029 96970
leaf_count=60275 39570 470591 22148 73195 476497 403192 15682 726625 82674 634462 26082 2087 2027259 1446097 558306 944524 2684200 1944143 11303373 522097 542389 62340 4461545 2518413 303611 616495 757 1351043 577029 96970
internal_value=0 2.66563 -0.286719 0.769853 0.64352 -0.0772718 -0.442977 1.83503 4.49089 4.89143 6.24294 15.6286 -0.65572 0.0288365 1.64779 1.43556 -0.703546 -0.766537 -0.637241 -0.452662 -0.58094 5.9792 -0.161865 0.0359961 3.22196 0.982407 11.6551 1.20454 2.01842 -1.45807
internal_weight=0 3.39842e+06 3.15952e+07 4.07065e+06 3.99746e+06 2.49073e+06 2.75246e+07 1.50673e+06 1.21665e+06 1.13398e+06 663388 28926 2.08753e+06 9.79278e+06 2.18177e+06 2.07986e+06 1.77318e+07 1.70932e+07 1.5149e+07 1.23679e+07 1.18458e+07 101910 8.42606e+06 6.97996e+06 780108 638643 26839 1.36672e+06 1.52155e+06 2.78117e+06
internal_count=34993671 3398422 31595249 4070654 3997459 2490726 27524595 1506733 1216653 1133979 663388 28926 2087534 9792780 2181769 2079859 17731815 17093172 15149029 12367859 11845762 101910 8426055 6979958 780108 638643 26839 1366725 1521553 2781170
shrinkage=0.65


end of trees

feature importances:
dropoff_latitude=20
distance=18
year=12
pickup_latitude=9
jfk_dist=8
dropoff_longitude=7
hour=4
ewr_dist=4
lga_dist=4
pickup_longitude=2
invalid=2

parameters:
[boosting: gbdt]
[objective: regression]
[metric: rmse]
[tree_learner: serial]
[device_type: cpu]
[data: ]
[valid: ]
[num_iterations: 100]
[learning_rate: 0.65]
[num_leaves: 31]
[num_threads: 0]
[max_depth: -1]
[min_data_in_leaf: 20]
[min_sum_hessian_in_leaf: 0.001]
[bagging_fraction: 1]
[pos_bagging_fraction: 1]
[neg_bagging_fraction: 1]
[bagging_freq: 0]
[bagging_seed: 3]
[feature_fraction: 1]
[feature_fraction_bynode: 1]
[feature_fraction_seed: 2]
[early_stopping_round: 0]
[first_metric_only: 0]
[max_delta_step: 0]
[lambda_l1: 0]
[lambda_l2: 0]
[min_gain_to_split: 0]
[drop_rate: 0.1]
[max_drop: 50]
[skip_drop: 0.5]
[xgboost_dart_mode: 0]
[uniform_drop: 0]
[drop_seed: 4]
[top_rate: 0.2]
[other_rate: 0.1]
[min_data_per_group: 100]
[max_cat_threshold: 32]
[cat_l2: 10]
[cat_smooth: 10]
[max_cat_to_onehot: 4]
[top_k: 20]
[monotone_constraints: ]
[feature_contri: ]
[forcedsplits_filename: ]
[forcedbins_filename: ]
[refit_decay_rate: 0.9]
[cegb_tradeoff: 1]
[cegb_penalty_split: 0]
[cegb_penalty_feature_lazy: ]
[cegb_penalty_feature_coupled: ]
[verbosity: -1]
[max_bin: 255]
[max_bin_by_feature: ]
[min_data_in_bin: 3]
[bin_construct_sample_cnt: 200000]
[histogram_pool_size: -1]
[data_random_seed: 1]
[output_model: LightGBM_model.txt]
[snapshot_freq: -1]
[input_model: ]
[output_result: LightGBM_predict_result.txt]
[initscore_filename: ]
[valid_data_initscores: ]
[pre_partition: 0]
[enable_bundle: 1]
[max_conflict_rate: 0]
[is_enable_sparse: 1]
[sparse_threshold: 0.8]
[use_missing: 1]
[zero_as_missing: 0]
[two_round: 0]
[save_binary: 0]
[header: 0]
[label_column: ]
[weight_column: ]
[group_column: ]
[ignore_column: ]
[categorical_feature: ]
[predict_raw_score: 0]
[predict_leaf_index: 0]
[predict_contrib: 0]
[num_iteration_predict: -1]
[pred_early_stop: 0]
[pred_early_stop_freq: 10]
[pred_early_stop_margin: 10]
[convert_model_language: ]
[convert_model: gbdt_prediction.cpp]
[num_class: 1]
[is_unbalance: 0]
[scale_pos_weight: 1]
[sigmoid: 1]
[boost_from_average: 1]
[reg_sqrt: 0]
[alpha: 0.9]
[fair_c: 1]
[poisson_max_delta_step: 0.7]
[tweedie_variance_power: 1.5]
[max_position: 20]
[lambdamart_norm: 1]
[label_gain: ]
[metric_freq: 1]
[is_provide_training_metric: 0]
[eval_at: ]
[multi_error_top_k: 1]
[num_machines: 1]
[local_listen_port: 12400]
[time_out: 120]
[machine_list_filename: ]
[machines: ]
[gpu_platform_id: -1]
[gpu_device_id: -1]
[gpu_use_dp: 0]

end of parameters

pandas_categorical:[]
