tree
version=v3
num_class=1
num_tree_per_iteration=1
label_index=0
max_feature_idx=12
objective=regression
feature_names=pickup_longitude pickup_latitude dropoff_longitude dropoff_latitude year month weekday hour distance jfk_dist ewr_dist lga_dist invalid
feature_infos=[-2996.0074370000002:40.810904999999998] [-2508.9137249999999:615.310293] [-2996.0074370000002:40.861687000000003] [-817.67854999999997:615.310293] [2009:2015] [1:12] [1:7] [0:23] [0:11427.803115866414] [0.1522385126960856:16159.893880777974] [0.68942260404194888:16165.728854717898] [0.12968456296102224:16175.187309067713] [0:2]
tree_sizes=3214 3250 3267

Tree=0
num_leaves=31
num_cat=0
split_feature=8 8 8 12 3 8 8 2 3 11 3 4 4 8 1 4 2 4 4 1 8 8 9 8 8 8 8 10 4 11
split_gain=1.5627e+09 2.8143e+08 1.3862e+08 8.52062e+07 4.39546e+07 4.15681e+07 3.5504e+07 2.90877e+07 1.58947e+07 1.5355e+07 1.49424e+07 1.36568e+07 1.20701e+07 1.12436e+07 8.66072e+06 7.55077e+06 7.28146e+06 6.80404e+06 6.48917e+06 6.33793e+06 6.13686e+06 7.82612e+06 6.07124e+06 5.87754e+06 5.16171e+06 4.36871e+06 8.85269e+06 3.76517e+06 3.56478e+06 3.50242e+06
threshold=8.3565796654868709 2.7533200211717177 16.10162167320404 1.0000000180025095e-35 40.704247500000008 4.4744634427747814 1.3876348435554113 -74.026732499999994 40.648352788330087 14.234061180992965 40.698066855712895 2012.5000000000002 2012.5000000000002 0.027077766233617375 40.724775500000007 2012.5000000000002 -74.026732499999994 2012.5000000000002 2012.5000000000002 40.738277217651373 0.027077766233617375 0.78062834493375088 9.5959685899226326 10.757029931012633 10.757029931012633 0.027077766233617375 1.0000000180025095e-35 12.853765276770513 2012.5000000000002 14.234061180992965
decision_type=10 8 10 2 10 8 10 10 8 2 10 2 2 10 2 2 8 2 2 2 10 10 2 10 10 10 10 2 2 2
left_child=1 4 11 7 13 10 9 28 -7 20 19 24 22 27 -15 -12 -10 -18 -8 -3 -6 -22 -9 -13 -2 26 -11 -1 -4 -5
right_child=2 5 3 29 6 8 18 12 16 25 15 23 -14 14 -16 -17 17 -19 -20 -21 21 -23 -24 -25 -26 -27 -28 -29 -30 -31
leaf_value=37.593687245486663 19.890369291789341 14.673866057592175 46.650190647492529 13.186789497452111 10.909193532712827 26.177020131897585 9.6745689903600827 34.297572900220864 33.321480896094684 19.02938303928606 11.922985128957084 23.289329494991144 38.752677195886804 10.597889934118717 15.464555465274968 13.675041607918129 14.980408612160289 17.401086843373875 10.773956954512482 20.741016232591114 7.8959579233301049 8.8412627319955597 26.734772749725639 27.967318531302922 23.445434944369815 12.103119892701194 46.58579538251329 17.427011325588566 57.254222611336886 26.410465091779159
leaf_weight=3983 245378 164969 30906 72421 421147 66909 6087939 351475 10202 17526 2800664 161190 305007 408747 248376 1652428 1272645 798344 3615509 130126 7037489 7802934 51407 383351 581416 13230 6851 217881 23639 9582
leaf_count=3983 245378 164969 30906 72421 421147 66909 6087939 351475 10202 17526 2800664 161190 305007 408747 248376 1652428 1272645 798344 3615509 130126 7037489 7802934 51407 383351 581416 13230 6851 217881 23639 9582
internal_value=0 -1.73746 25.7023 35.7817 -3.25 3.93906 -3.49435 39.0761 7.5892 -4.44337 2.28773 19.4955 37.3615 3.70037 1.6222 1.83106 7.10146 6.97018 -1.99805 9.17895 -4.4931 -4.59992 33.7687 23.3841 16.9345 15.7382 23.6785 9.85556 61.3275 5.15236
internal_weight=0 3.27779e+07 2.21577e+06 844437 2.58816e+07 6.89629e+06 2.50026e+07 762434 2.1481e+06 1.52992e+07 4.74819e+06 1.37134e+06 707889 878987 657123 4.45309e+06 2.08119e+06 2.07099e+06 9.70345e+06 295095 1.52616e+07 1.48404e+07 402882 544541 826794 37607 24377 221864 54545 82003
internal_count=34993671 32777899 2215772 844437 25881612 6896287 25002625 762434 2148100 15299177 4748187 1371335 707889 878987 657123 4453092 2081191 2070989 9703448 295095 15261570 14840423 402882 544541 826794 37607 24377 221864 54545 82003
shrinkage=1


Tree=1
num_leaves=31
num_cat=0
split_feature=8 8 9 2 3 1 1 10 11 3 3 3 8 2 1 2 4 3 9 3 9 3 3 4 4 8 4 9 9 9
split_gain=2.04974e+08 3.35422e+07 2.80705e+07 1.3766e+07 9.72966e+06 1.15331e+07 9.11495e+06 8.14447e+06 6.75193e+06 6.38112e+06 5.91709e+06 5.77214e+06 4.34374e+06 4.02645e+06 3.98546e+06 3.80137e+06 3.31974e+06 3.2664e+06 3.23336e+06 3.17612e+06 3.12922e+06 2.74116e+06 1.90464e+06 1.89773e+06 1.8377e+06 1.83612e+06 1.69273e+06 1.84176e+06 1.64438e+06 1.58337e+06
threshold=6.1672470715816399 2.0128807157932744 9.5959685899226326 -74.026732499999994 40.723145000000009 40.722781000000005 40.747893500000011 26.638146562477832 1.4055982567214358 40.857698500000005 40.807256000000017 40.816682768798835 19.055864886077877 -74.026732499999994 40.694162000000013 -74.016116499999995 2012.5000000000002 40.671619500000013 18.61876664016307 40.857698500000005 21.970800554534723 40.774771000000008 40.747593463012699 2011.5000000000002 2011.5000000000002 3.5078743937045966 2011.5000000000002 1.2703086011420501 20.214945450455328 18.379066568233885
decision_type=10 8 2 10 10 2 2 2 2 10 10 10 10 8 2 10 2 8 2 10 2 10 10 2 2 10 2 2 2 2
left_child=1 7 9 -4 6 14 17 13 19 12 -10 15 21 -1 -6 -7 28 -3 -8 24 29 -2 -16 -14 -5 -17 27 -9 -15 -13
right_child=2 4 3 8 5 11 18 26 10 -11 -12 20 23 16 22 25 -18 -19 -20 -21 -22 -23 -24 -25 -26 -27 -28 -29 -30 -31
leaf_value=6.1539745016321854 4.7656014731797853 3.2069908174180606 12.945128571094214 3.903077472353508 6.477240411728264 12.045907292347287 5.527422858377852 6.5866410829461852 1.8571248465398871 28.091052952789493 5.7637320320176375 13.130262688159551 7.9439888537257044 -0.66984921428873523 0.43719386723022746 -0.43021734421195007 -0.66128911189870776 0.041940473672926207 2.6102276707203731 25.36258965049872 0.95844197097054806 12.257957352007841 2.4279846353728467 10.405877303910335 5.6789175693119702 0.29855369682763011 3.9990881404267906 0.090658922937331993 -1.2931103714589129 4.8927859566377725
leaf_weight=33338 156410 161113 71299 438724 84530 10678 206847 21223 850956 7111 202858 11059 219318 2129535 292029 5245055 7899448 950579 716864 3215 127885 23766 666338 333378 561059 2024399 145209 140643 11167970 90835
leaf_count=33338 156410 161113 71299 438724 84530 10678 206847 21223 850956 7111 202858 11059 219318 2129535 292029 5245055 7899448 950579 716864 3215 127885 23766 666338 333378 561059 2024399 145209 140643 11167970 90835
internal_value=0 -0.723146 8.09997 6.2552 0.734174 0.266538 2.69919 -1.43959 5.78167 13.4053 4.01407 -0.166197 13.1161 -1.51355 3.38267 -0.32195 -1.53082 0.770213 5.02073 7.63883 4.76856 8.85212 2.80209 14.5061 7.53792 -0.349645 3.67358 1.44981 -1.83584 8.90282
internal_weight=0 3.21256e+07 2.86809e+06 2.12811e+06 1.05882e+07 8.55281e+06 2.0354e+06 2.15374e+07 2.05681e+06 739983 1.05381e+06 7.50991e+06 732872 2.12303e+07 1.0429e+06 7.28013e+06 2.1197e+07 1.11169e+06 923711 1.003e+06 229779 180176 958367 552696 999783 7.26945e+06 307075 161866 1.32975e+07 101894
internal_count=34993671 32125577 2868094 2128111 10588211 8552808 2035403 21537366 2056812 739983 1053814 7509911 732872 21230291 1042897 7280132 21196953 1111692 923711 1002998 229779 180176 958367 552696 999783 7269454 307075 161866 13297505 101894
shrinkage=0.65


Tree=2
num_leaves=31
num_cat=0
split_feature=8 8 8 4 12 3 2 10 8 4 3 8 9 11 1 3 0 1 1 1 3 8 11 7 9 7 8 7 1 9
split_gain=2.5785e+07 5.22457e+06 4.5337e+06 3.17395e+06 2.47159e+06 2.26644e+06 2.57724e+06 1.99618e+06 3.02666e+06 2.36899e+06 1.97e+06 1.85558e+06 2.38889e+06 2.15548e+06 4.74794e+06 4.54752e+06 1.94456e+06 1.79084e+06 1.69595e+06 1.65536e+06 1.70601e+06 1.63736e+06 1.80104e+06 1.61514e+06 1.33922e+06 1.32156e+06 1.24407e+06 1.21296e+06 1.20973e+06 1.52302e+06
threshold=5.6821505793045786 13.044874291194276 1.7563308342636179 2011.5000000000002 1.0000000180025095e-35 40.710001500000011 -74.026732499999994 23.953268152290217 20.98551428367162 2010.5000000000002 40.671619500000013 0.10531174546248938 22.082089767469267 7.7787211973821124 40.773372325073247 40.773001000000015 -74.016340999999997 40.723780500000011 40.710688000000012 40.702564500000008 40.662519181152355 20.98551428367162 12.115475846232286 6.5000000000000009 1.2703086011420501 7.5000000000000009 0.45571159969659641 18.500000000000004 40.821700098388682 9.5959685899226326
decision_type=10 8 8 2 2 8 8 2 10 2 8 8 2 2 2 8 2 2 2 2 10 10 2 2 2 2 10 2 2 2
left_child=2 10 11 -4 7 19 -7 21 -9 -10 17 16 13 -13 15 26 -1 -2 -8 -5 -21 22 -3 -12 -18 -20 -15 -27 29 -23
right_child=1 4 3 5 -6 6 18 8 9 -11 23 12 -14 14 -16 -17 24 -19 25 20 -22 28 -24 -25 -26 27 -28 -29 -30 -31
leaf_value=6.1823934643128187 -0.43277447953023535 2.539518258946742 -0.22202631155346059 -1.1820984664079033 -0.6431857770367384 14.048586493198176 1.8638163450042482 5.4902009805643743 6.9955915840649689 38.337000950926686 -0.06538575227845797 -0.83156878841551363 -1.0829051334930562 -0.8751109865416894 1.7006107398738421 1.5446034525872192 5.4597607277707096 6.0823000432016796 -0.42035945493809584 5.2136044434243418 1.5888016686887849 3.5595883723589448 -2.0077539275433045 1.3198857591656463 0.26972969278798187 0.63468313766329432 -0.29419481671666198 -0.052642213349802069 -8.412854766202118 7.5309696627947096
leaf_weight=25510 25384 648468 5736307 79719 82453 5766 279281 17894 1779 2385 487751 2992384 2004738 1820414 521700 542089 21609 59865 1090186 61504 507673 422566 39014 1312525 752526 2874752 10786665 1742233 3372 45159
leaf_count=25510 25384 648468 5736307 79719 82453 5766 279281 17894 1779 2385 487751 2992384 2004738 1820414 521700 542089 21609 59865 1090186 61504 507673 422566 39014 1312525 752526 2874752 10786665 1742233 3372 45159
internal_value=0 2.72992 -0.269916 0.203287 4.30378 0.673918 0.481677 4.67345 14.0971 38.3799 1.67562 -0.570775 -0.634672 -0.510594 -0.342325 -0.459711 0.920931 6.37285 0.461324 2.44916 3.04691 4.49403 3.50995 1.45319 0.637851 0.343582 -0.581657 0.577414 5.93013 6.06619
internal_weight=0 3.14862e+06 3.18451e+07 1.23774e+07 1.26309e+06 6.64111e+06 5.99222e+06 1.18064e+06 22058 4164 1.88552e+06 1.94676e+07 1.8668e+07 1.66633e+07 1.36709e+07 1.31492e+07 799645 85249 5.98645e+06 648896 569177 1.15858e+06 687482 1.80028e+06 774135 5.70717e+06 1.26071e+07 4.61698e+06 471097 467725
internal_count=34993671 3148615 31845056 12377421 1263090 6641114 5992218 1180637 22058 4164 1885525 19467635 18667990 16663252 13670868 13149168 799645 85249 5986452 648896 569177 1158579 687482 1800276 774135 5707171 12607079 4616985 471097 467725
shrinkage=0.65


end of trees

feature importances:
distance=23
dropoff_latitude=15
year=12
pickup_latitude=10
jfk_dist=10
dropoff_longitude=6
lga_dist=5
hour=3
ewr_dist=3
invalid=2
pickup_longitude=1

parameters:
[boosting: gbdt]
[objective: regression]
[metric: rmse]
[tree_learner: serial]
[device_type: cpu]
[data: ]
[valid: ]
[num_iterations: 100]
[learning_rate: 0.65]
[num_leaves: 31]
[num_threads: 0]
[max_depth: -1]
[min_data_in_leaf: 20]
[min_sum_hessian_in_leaf: 0.001]
[bagging_fraction: 1]
[pos_bagging_fraction: 1]
[neg_bagging_fraction: 1]
[bagging_freq: 0]
[bagging_seed: 3]
[feature_fraction: 1]
[feature_fraction_bynode: 1]
[feature_fraction_seed: 2]
[early_stopping_round: 0]
[first_metric_only: 0]
[max_delta_step: 0]
[lambda_l1: 0]
[lambda_l2: 0]
[min_gain_to_split: 0]
[drop_rate: 0.1]
[max_drop: 50]
[skip_drop: 0.5]
[xgboost_dart_mode: 0]
[uniform_drop: 0]
[drop_seed: 4]
[top_rate: 0.2]
[other_rate: 0.1]
[min_data_per_group: 100]
[max_cat_threshold: 32]
[cat_l2: 10]
[cat_smooth: 10]
[max_cat_to_onehot: 4]
[top_k: 20]
[monotone_constraints: ]
[feature_contri: ]
[forcedsplits_filename: ]
[forcedbins_filename: ]
[refit_decay_rate: 0.9]
[cegb_tradeoff: 1]
[cegb_penalty_split: 0]
[cegb_penalty_feature_lazy: ]
[cegb_penalty_feature_coupled: ]
[verbosity: -1]
[max_bin: 255]
[max_bin_by_feature: ]
[min_data_in_bin: 3]
[bin_construct_sample_cnt: 200000]
[histogram_pool_size: -1]
[data_random_seed: 1]
[output_model: LightGBM_model.txt]
[snapshot_freq: -1]
[input_model: ]
[output_result: LightGBM_predict_result.txt]
[initscore_filename: ]
[valid_data_initscores: ]
[pre_partition: 0]
[enable_bundle: 1]
[max_conflict_rate: 0]
[is_enable_sparse: 1]
[sparse_threshold: 0.8]
[use_missing: 1]
[zero_as_missing: 0]
[two_round: 0]
[save_binary: 0]
[header: 0]
[label_column: ]
[weight_column: ]
[group_column: ]
[ignore_column: ]
[categorical_feature: ]
[predict_raw_score: 0]
[predict_leaf_index: 0]
[predict_contrib: 0]
[num_iteration_predict: -1]
[pred_early_stop: 0]
[pred_early_stop_freq: 10]
[pred_early_stop_margin: 10]
[convert_model_language: ]
[convert_model: gbdt_prediction.cpp]
[num_class: 1]
[is_unbalance: 0]
[scale_pos_weight: 1]
[sigmoid: 1]
[boost_from_average: 1]
[reg_sqrt: 0]
[alpha: 0.9]
[fair_c: 1]
[poisson_max_delta_step: 0.7]
[tweedie_variance_power: 1.5]
[max_position: 20]
[lambdamart_norm: 1]
[label_gain: ]
[metric_freq: 1]
[is_provide_training_metric: 0]
[eval_at: ]
[multi_error_top_k: 1]
[num_machines: 1]
[local_listen_port: 12400]
[time_out: 120]
[machine_list_filename: ]
[machines: ]
[gpu_platform_id: -1]
[gpu_device_id: -1]
[gpu_use_dp: 0]

end of parameters

pandas_categorical:[]
